1	24.00	17.00	35.90
2	24.00	29.16	35.90
3	24.00	41.32	35.90
4	24.00	53.47	35.90
5	24.00	65.63	35.90
6	24.00	77.79	35.90
7	24.00	89.95	35.90
8	24.00	102.11	35.90
9	24.00	114.26	35.90
10	24.00	126.42	35.90
11	24.00	138.58	35.90
12	24.00	150.74	35.90
13	24.00	162.89	35.90
14	24.00	175.05	35.90
15	24.00	187.21	35.90
16	24.00	199.37	35.90
17	24.00	211.53	35.90
18	24.00	223.68	35.90
19	24.00	235.84	35.90
20	24.00	248.00	35.90
21	24.00	260.16	35.90
22	24.00	272.32	35.90
23	24.00	284.47	35.90
24	24.00	296.63	35.90
25	24.00	308.79	35.90
26	24.00	320.95	35.90
27	24.00	333.11	35.90
28	24.00	345.26	35.90
29	24.00	357.42	35.90
30	24.00	369.58	35.90
31	36.13	17.00	35.90
32	36.13	29.16	35.90
33	36.13	41.32	35.90
34	36.13	53.47	35.90
35	36.13	65.63	35.90
36	36.13	77.79	35.90
37	36.13	89.95	35.90
38	36.13	102.11	35.90
39	36.13	114.26	35.90
40	36.13	126.42	35.90
41	36.13	138.58	35.90
42	36.13	150.74	35.90
43	36.13	162.89	35.90
44	36.13	175.05	35.90
45	36.13	187.21	35.90
46	36.13	199.37	35.90
47	36.13	211.53	35.90
48	36.13	223.68	35.90
49	36.13	235.84	35.90
50	36.13	248.00	35.90
51	36.13	260.16	35.90
52	36.13	272.32	35.90
53	36.13	284.47	35.90
54	36.13	296.63	35.90
55	36.13	308.79	35.90
56	36.13	320.95	35.90
57	36.13	333.11	35.90
58	36.13	345.26	35.90
59	36.13	357.42	35.90
60	36.13	369.58	35.90
61	48.25	17.00	35.90
62	48.25	29.16	35.90
63	48.25	41.32	35.90
64	48.25	53.47	35.90
65	48.25	65.63	35.90
66	48.25	77.79	35.90
67	48.25	89.95	35.90
68	48.25	102.11	35.90
69	48.25	114.26	35.90
70	48.25	126.42	35.90
71	48.25	138.58	35.90
72	48.25	150.74	35.90
73	48.25	162.89	35.90
74	48.25	175.05	35.90
75	48.25	187.21	35.90
76	48.25	199.37	35.90
77	48.25	211.53	35.90
78	48.25	223.68	35.90
79	48.25	235.84	35.90
80	48.25	248.00	35.90
81	48.25	260.16	35.90
82	48.25	272.32	35.90
83	48.25	284.47	35.90
84	48.25	296.63	35.90
85	48.25	308.79	35.90
86	48.25	320.95	35.90
87	48.25	333.11	35.90
88	48.25	345.26	35.90
89	48.25	357.42	35.90
90	48.25	369.58	35.90
91	60.38	17.00	35.90
92	60.38	29.16	35.90
93	60.38	41.32	35.90
94	60.38	53.47	35.90
95	60.38	65.63	35.90
96	60.38	77.79	35.90
97	60.38	89.95	35.90
98	60.38	102.11	35.90
99	60.38	114.26	35.90
100	60.38	126.42	35.90
101	60.38	138.58	35.90
102	60.38	150.74	35.90
103	60.38	162.89	35.90
104	60.38	175.05	35.90
105	60.38	187.21	35.90
106	60.38	199.37	35.90
107	60.38	211.53	35.90
108	60.38	223.68	35.90
109	60.38	235.84	35.90
110	60.38	248.00	35.90
111	60.38	260.16	35.90
112	60.38	272.32	35.90
113	60.38	284.47	35.90
114	60.38	296.63	35.90
115	60.38	308.79	35.90
116	60.38	320.95	35.90
117	60.38	333.11	35.90
118	60.38	345.26	35.90
119	60.38	357.42	35.90
120	60.38	369.58	35.90
121	72.50	17.00	35.90
122	72.50	29.16	35.90
123	72.50	41.32	35.90
124	72.50	53.47	35.90
125	72.50	65.63	35.90
126	72.50	77.79	35.90
127	72.50	89.95	35.90
128	72.50	102.11	35.90
129	72.50	114.26	35.90
130	72.50	126.42	35.90
131	72.50	138.58	35.90
132	72.50	150.74	35.90
133	72.50	162.89	35.90
134	72.50	175.05	35.90
135	72.50	187.21	35.90
136	72.50	199.37	35.90
137	72.50	211.53	35.90
138	72.50	223.68	35.90
139	72.50	235.84	35.90
140	72.50	248.00	35.90
141	72.50	260.16	35.90
142	72.50	272.32	35.90
143	72.50	284.47	35.90
144	72.50	296.63	35.90
145	72.50	308.79	35.90
146	72.50	320.95	35.90
147	72.50	333.11	35.90
148	72.50	345.26	35.90
149	72.50	357.42	35.90
150	72.50	369.58	35.90
151	84.63	17.00	35.90
152	84.63	29.16	35.90
153	84.63	41.32	35.90
154	84.63	53.47	35.90
155	84.63	65.63	35.90
156	84.63	77.79	35.90
157	84.63	89.95	35.90
158	84.63	102.11	35.90
159	84.63	114.26	35.90
160	84.63	126.42	35.90
161	84.63	138.58	35.90
162	84.63	150.74	35.90
163	84.63	162.89	35.90
164	84.63	175.05	35.90
165	84.63	187.21	35.90
166	84.63	199.37	35.90
167	84.63	211.53	35.90
168	84.63	223.68	35.90
169	84.63	235.84	35.90
170	84.63	248.00	35.90
171	84.63	260.16	35.90
172	84.63	272.32	35.90
173	84.63	284.47	35.90
174	84.63	296.63	35.90
175	84.63	308.79	35.90
176	84.63	320.95	35.90
177	84.63	333.11	35.90
178	84.63	345.26	35.90
179	84.63	357.42	35.90
180	84.63	369.58	35.90
181	96.75	17.00	35.90
182	96.75	29.16	35.90
183	96.75	41.32	35.90
184	96.75	53.47	35.90
185	96.75	65.63	35.90
186	96.75	77.79	35.90
187	96.75	89.95	35.90
188	96.75	102.11	35.90
189	96.75	114.26	35.90
190	96.75	126.42	35.90
191	96.75	138.58	35.90
192	96.75	150.74	35.90
193	96.75	162.89	35.90
194	96.75	175.05	35.90
195	96.75	187.21	35.90
196	96.75	199.37	35.90
197	96.75	211.53	35.90
198	96.75	223.68	35.90
199	96.75	235.84	35.90
200	96.75	248.00	35.90
201	96.75	260.16	35.90
202	96.75	272.32	35.90
203	96.75	284.47	35.90
204	96.75	296.63	35.90
205	96.75	308.79	35.90
206	96.75	320.95	35.90
207	96.75	333.11	35.90
208	96.75	345.26	35.90
209	96.75	357.42	35.90
210	96.75	369.58	35.90
211	108.88	17.00	35.90
212	108.88	29.16	35.90
213	108.88	41.32	35.90
214	108.88	53.47	35.90
215	108.88	65.63	35.90
216	108.88	77.79	35.90
217	108.88	89.95	35.90
218	108.88	102.11	35.90
219	108.88	114.26	35.90
220	108.88	126.42	35.90
221	108.88	138.58	35.90
222	108.88	150.74	35.90
223	108.88	162.89	35.90
224	108.88	175.05	35.90
225	108.88	187.21	35.90
226	108.88	199.37	35.90
227	108.88	211.53	35.90
228	108.88	223.68	35.90
229	108.88	235.84	35.90
230	108.88	248.00	35.90
231	108.88	260.16	35.90
232	108.88	272.32	35.90
233	108.88	284.47	35.90
234	108.88	296.63	35.90
235	108.88	308.79	35.90
236	108.88	320.95	35.90
237	108.88	333.11	35.90
238	108.88	345.26	35.90
239	108.88	357.42	35.90
240	108.88	369.58	35.90
241	121.00	17.00	35.90
242	121.00	29.16	35.90
243	121.00	41.32	35.90
244	121.00	53.47	35.90
245	121.00	65.63	35.90
246	121.00	77.79	35.90
247	121.00	89.95	35.90
248	121.00	102.11	35.90
249	121.00	114.26	35.90
250	121.00	126.42	35.90
251	121.00	138.58	35.90
252	121.00	150.74	35.90
253	121.00	162.89	35.90
254	121.00	175.05	35.90
255	121.00	187.21	35.90
256	121.00	199.37	35.90
257	121.00	211.53	35.90
258	121.00	223.68	35.90
259	121.00	235.84	35.90
260	121.00	248.00	35.90
261	121.00	260.16	35.90
262	121.00	272.32	35.90
263	121.00	284.47	35.90
264	121.00	296.63	35.90
265	121.00	308.79	35.90
266	121.00	320.95	35.90
267	121.00	333.11	35.90
268	121.00	345.26	35.90
269	121.00	357.42	35.90
270	121.00	369.58	35.90
271	133.13	17.00	35.90
272	133.13	29.16	35.90
273	133.13	41.32	35.90
274	133.13	53.47	35.90
275	133.13	65.63	35.90
276	133.13	77.79	35.90
277	133.13	89.95	35.90
278	133.13	102.11	35.90
279	133.13	114.26	35.90
280	133.13	126.42	35.90
281	133.13	138.58	35.90
282	133.13	150.74	35.90
283	133.13	162.89	35.90
284	133.13	175.05	35.90
285	133.13	187.21	35.90
286	133.13	199.37	35.90
287	133.13	211.53	35.90
288	133.13	223.68	35.90
289	133.13	235.84	35.90
290	133.13	248.00	35.90
291	133.13	260.16	35.90
292	133.13	272.32	35.90
293	133.13	284.47	35.90
294	133.13	296.63	35.90
295	133.13	308.79	35.90
296	133.13	320.95	35.90
297	133.13	333.11	35.90
298	133.13	345.26	35.90
299	133.13	357.42	35.90
300	133.13	369.58	35.90
301	145.25	17.00	35.90
302	145.25	29.16	35.90
303	145.25	41.32	35.90
304	145.25	53.47	35.90
305	145.25	65.63	35.90
306	145.25	77.79	35.90
307	145.25	89.95	35.90
308	145.25	102.11	35.90
309	145.25	114.26	35.90
310	145.25	126.42	35.90
311	145.25	138.58	35.90
312	145.25	150.74	35.90
313	145.25	162.89	35.90
314	145.25	175.05	35.90
315	145.25	187.21	35.90
316	145.25	199.37	35.90
317	145.25	211.53	35.90
318	145.25	223.68	35.90
319	145.25	235.84	35.90
320	145.25	248.00	35.90
321	145.25	260.16	35.90
322	145.25	272.32	35.90
323	145.25	284.47	35.90
324	145.25	296.63	35.90
325	145.25	308.79	35.90
326	145.25	320.95	35.90
327	145.25	333.11	35.90
328	145.25	345.26	35.90
329	145.25	357.42	35.90
330	145.25	369.58	35.90
331	157.38	17.00	35.90
332	157.38	29.16	35.90
333	157.38	41.32	35.90
334	157.38	53.47	35.90
335	157.38	65.63	35.90
336	157.38	77.79	35.90
337	157.38	89.95	35.90
338	157.38	102.11	35.90
339	157.38	114.26	35.90
340	157.38	126.42	35.90
341	157.38	138.58	35.90
342	157.38	150.74	35.90
343	157.38	162.89	35.90
344	157.38	175.05	35.90
345	157.38	187.21	35.90
346	157.38	199.37	35.90
347	157.38	211.53	35.90
348	157.38	223.68	35.90
349	157.38	235.84	35.90
350	157.38	248.00	35.90
351	157.38	260.16	35.90
352	157.38	272.32	35.90
353	157.38	284.47	35.90
354	157.38	296.63	35.90
355	157.38	308.79	35.90
356	157.38	320.95	35.90
357	157.38	333.11	35.90
358	157.38	345.26	35.90
359	157.38	357.42	35.90
360	157.38	369.58	35.90
361	169.50	17.00	35.90
362	169.50	29.16	35.90
363	169.50	41.32	35.90
364	169.50	53.47	35.90
365	169.50	65.63	35.90
366	169.50	77.79	35.90
367	169.50	89.95	35.90
368	169.50	102.11	35.90
369	169.50	114.26	35.90
370	169.50	126.42	35.90
371	169.50	138.58	35.90
372	169.50	150.74	35.90
373	169.50	162.89	35.90
374	169.50	175.05	35.90
375	169.50	187.21	35.90
376	169.50	199.37	35.90
377	169.50	211.53	35.90
378	169.50	223.68	35.90
379	169.50	235.84	35.90
380	169.50	248.00	35.90
381	169.50	260.16	35.90
382	169.50	272.32	35.90
383	169.50	284.47	35.90
384	169.50	296.63	35.90
385	169.50	308.79	35.90
386	169.50	320.95	35.90
387	169.50	333.11	35.90
388	169.50	345.26	35.90
389	169.50	357.42	35.90
390	169.50	369.58	35.90
391	181.63	17.00	35.90
392	181.63	29.16	35.90
393	181.63	41.32	35.90
394	181.63	53.47	35.90
395	181.63	65.63	35.90
396	181.63	77.79	35.90
397	181.63	89.95	35.90
398	181.63	102.11	35.90
399	181.63	114.26	35.90
400	181.63	126.42	35.90
401	181.63	138.58	35.90
402	181.63	150.74	35.90
403	181.63	162.89	35.90
404	181.63	175.05	35.90
405	181.63	187.21	35.90
406	181.63	199.37	35.90
407	181.63	211.53	35.90
408	181.63	223.68	35.90
409	181.63	235.84	35.90
410	181.63	248.00	35.90
411	181.63	260.16	35.90
412	181.63	272.32	35.90
413	181.63	284.47	35.90
414	181.63	296.63	35.90
415	181.63	308.79	35.90
416	181.63	320.95	35.90
417	181.63	333.11	35.90
418	181.63	345.26	35.90
419	181.63	357.42	35.90
420	181.63	369.58	35.90
421	193.75	17.00	35.90
422	193.75	29.16	35.90
423	193.75	41.32	35.90
424	193.75	53.47	35.90
425	193.75	65.63	35.90
426	193.75	77.79	35.90
427	193.75	89.95	35.90
428	193.75	102.11	35.90
429	193.75	114.26	35.90
430	193.75	126.42	35.90
431	193.75	138.58	35.90
432	193.75	150.74	35.90
433	193.75	162.89	35.90
434	193.75	175.05	35.90
435	193.75	187.21	35.90
436	193.75	199.37	35.90
437	193.75	211.53	35.90
438	193.75	223.68	35.90
439	193.75	235.84	35.90
440	193.75	248.00	35.90
441	193.75	260.16	35.90
442	193.75	272.32	35.90
443	193.75	284.47	35.90
444	193.75	296.63	35.90
445	193.75	308.79	35.90
446	193.75	320.95	35.90
447	193.75	333.11	35.90
448	193.75	345.26	35.90
449	193.75	357.42	35.90
450	193.75	369.58	35.90
451	205.88	17.00	35.90
452	205.88	29.16	35.90
453	205.88	41.32	35.90
454	205.88	53.47	35.90
455	205.88	65.63	35.90
456	205.88	77.79	35.90
457	205.88	89.95	35.90
458	205.88	102.11	35.90
459	205.88	114.26	35.90
460	205.88	126.42	35.90
461	205.88	138.58	35.90
462	205.88	150.74	35.90
463	205.88	162.89	35.90
464	205.88	175.05	35.90
465	205.88	187.21	35.90
466	205.88	199.37	35.90
467	205.88	211.53	35.90
468	205.88	223.68	35.90
469	205.88	235.84	35.90
470	205.88	248.00	35.90
471	205.88	260.16	35.90
472	205.88	272.32	35.90
473	205.88	284.47	35.90
474	205.88	296.63	35.90
475	205.88	308.79	35.90
476	205.88	320.95	35.90
477	205.88	333.11	35.90
478	205.88	345.26	35.90
479	205.88	357.42	35.90
480	205.88	369.58	35.90
481	218.00	17.00	35.90
482	218.00	29.16	35.90
483	218.00	41.32	35.90
484	218.00	53.47	35.90
485	218.00	65.63	35.90
486	218.00	77.79	35.90
487	218.00	89.95	35.90
488	218.00	102.11	35.90
489	218.00	114.26	35.90
490	218.00	126.42	35.90
491	218.00	138.58	35.90
492	218.00	150.74	35.90
493	218.00	162.89	35.90
494	218.00	175.05	35.90
495	218.00	187.21	35.90
496	218.00	199.37	35.90
497	218.00	211.53	35.90
498	218.00	223.68	35.90
499	218.00	235.84	35.90
500	218.00	248.00	35.90
501	218.00	260.16	35.90
502	218.00	272.32	35.90
503	218.00	284.47	35.90
504	218.00	296.63	35.90
505	218.00	308.79	35.90
506	218.00	320.95	35.90
507	218.00	333.11	35.90
508	218.00	345.26	35.90
509	218.00	357.42	35.90
510	218.00	369.58	35.90
511	230.13	17.00	35.90
512	230.13	29.16	35.90
513	230.13	41.32	35.90
514	230.13	53.47	35.90
515	230.13	65.63	35.90
516	230.13	77.79	35.90
517	230.13	89.95	35.90
518	230.13	102.11	35.90
519	230.13	114.26	35.90
520	230.13	126.42	35.90
521	230.13	138.58	35.90
522	230.13	150.74	35.90
523	230.13	162.89	35.90
524	230.13	175.05	35.90
525	230.13	187.21	35.90
526	230.13	199.37	35.90
527	230.13	211.53	35.90
528	230.13	223.68	35.90
529	230.13	235.84	35.90
530	230.13	248.00	35.90
531	230.13	260.16	35.90
532	230.13	272.32	35.90
533	230.13	284.47	35.90
534	230.13	296.63	35.90
535	230.13	308.79	35.90
536	230.13	320.95	35.90
537	230.13	333.11	35.90
538	230.13	345.26	35.90
539	230.13	357.42	35.90
540	230.13	369.58	35.90
541	242.25	17.00	35.90
542	242.25	29.16	35.90
543	242.25	41.32	35.90
544	242.25	53.47	35.90
545	242.25	65.63	35.90
546	242.25	77.79	35.90
547	242.25	89.95	35.90
548	242.25	102.11	35.90
549	242.25	114.26	35.90
550	242.25	126.42	35.90
551	242.25	138.58	35.90
552	242.25	150.74	35.90
553	242.25	162.89	35.90
554	242.25	175.05	35.90
555	242.25	187.21	35.90
556	242.25	199.37	35.90
557	242.25	211.53	35.90
558	242.25	223.68	35.90
559	242.25	235.84	35.90
560	242.25	248.00	35.90
561	242.25	260.16	35.90
562	242.25	272.32	35.90
563	242.25	284.47	35.90
564	242.25	296.63	35.90
565	242.25	308.79	35.90
566	242.25	320.95	35.90
567	242.25	333.11	35.90
568	242.25	345.26	35.90
569	242.25	357.42	35.90
570	242.25	369.58	35.90
571	254.38	17.00	35.90
572	254.38	29.16	35.90
573	254.38	41.32	35.90
574	254.38	53.47	35.90
575	254.38	65.63	35.90
576	254.38	77.79	35.90
577	254.38	89.95	35.90
578	254.38	102.11	35.90
579	254.38	114.26	35.90
580	254.38	126.42	35.90
581	254.38	138.58	35.90
582	254.38	150.74	35.90
583	254.38	162.89	35.90
584	254.38	175.05	35.90
585	254.38	187.21	35.90
586	254.38	199.37	35.90
587	254.38	211.53	35.90
588	254.38	223.68	35.90
589	254.38	235.84	35.90
590	254.38	248.00	35.90
591	254.38	260.16	35.90
592	254.38	272.32	35.90
593	254.38	284.47	35.90
594	254.38	296.63	35.90
595	254.38	308.79	35.90
596	254.38	320.95	35.90
597	254.38	333.11	35.90
598	254.38	345.26	35.90
599	254.38	357.42	35.90
600	254.38	369.58	35.90
601	266.50	17.00	35.90
602	266.50	29.16	35.90
603	266.50	41.32	35.90
604	266.50	53.47	35.90
605	266.50	65.63	35.90
606	266.50	77.79	35.90
607	266.50	89.95	35.90
608	266.50	102.11	35.90
609	266.50	114.26	35.90
610	266.50	126.42	35.90
611	266.50	138.58	35.90
612	266.50	150.74	35.90
613	266.50	162.89	35.90
614	266.50	175.05	35.90
615	266.50	187.21	35.90
616	266.50	199.37	35.90
617	266.50	211.53	35.90
618	266.50	223.68	35.90
619	266.50	235.84	35.90
620	266.50	248.00	35.90
621	266.50	260.16	35.90
622	266.50	272.32	35.90
623	266.50	284.47	35.90
624	266.50	296.63	35.90
625	266.50	308.79	35.90
626	266.50	320.95	35.90
627	266.50	333.11	35.90
628	266.50	345.26	35.90
629	266.50	357.42	35.90
630	266.50	369.58	35.90
631	278.63	17.00	35.90
632	278.63	29.16	35.90
633	278.63	41.32	35.90
634	278.63	53.47	35.90
635	278.63	65.63	35.90
636	278.63	77.79	35.90
637	278.63	89.95	35.90
638	278.63	102.11	35.90
639	278.63	114.26	35.90
640	278.63	126.42	35.90
641	278.63	138.58	35.90
642	278.63	150.74	35.90
643	278.63	162.89	35.90
644	278.63	175.05	35.90
645	278.63	187.21	35.90
646	278.63	199.37	35.90
647	278.63	211.53	35.90
648	278.63	223.68	35.90
649	278.63	235.84	35.90
650	278.63	248.00	35.90
651	278.63	260.16	35.90
652	278.63	272.32	35.90
653	278.63	284.47	35.90
654	278.63	296.63	35.90
655	278.63	308.79	35.90
656	278.63	320.95	35.90
657	278.63	333.11	35.90
658	278.63	345.26	35.90
659	278.63	357.42	35.90
660	278.63	369.58	35.90
661	24.00	17.00	54.80
662	24.00	29.16	54.80
663	24.00	41.32	54.80
664	24.00	53.47	54.80
665	24.00	65.63	54.80
666	24.00	77.79	54.80
667	24.00	89.95	54.80
668	24.00	102.11	54.80
669	24.00	114.26	54.80
670	24.00	126.42	54.80
671	24.00	138.58	54.80
672	24.00	150.74	54.80
673	24.00	162.89	54.80
674	24.00	175.05	54.80
675	24.00	187.21	54.80
676	24.00	199.37	54.80
677	24.00	211.53	54.80
678	24.00	223.68	54.80
679	24.00	235.84	54.80
680	24.00	248.00	54.80
681	24.00	260.16	54.80
682	24.00	272.32	54.80
683	24.00	284.47	54.80
684	24.00	296.63	54.80
685	24.00	308.79	54.80
686	24.00	320.95	54.80
687	24.00	333.11	54.80
688	24.00	345.26	54.80
689	24.00	357.42	54.80
690	24.00	369.58	54.80
691	36.13	17.00	54.80
692	36.13	29.16	54.80
693	36.13	41.32	54.80
694	36.13	53.47	54.80
695	36.13	65.63	54.80
696	36.13	77.79	54.80
697	36.13	89.95	54.80
698	36.13	102.11	54.80
699	36.13	114.26	54.80
700	36.13	126.42	54.80
701	36.13	138.58	54.80
702	36.13	150.74	54.80
703	36.13	162.89	54.80
704	36.13	175.05	54.80
705	36.13	187.21	54.80
706	36.13	199.37	54.80
707	36.13	211.53	54.80
708	36.13	223.68	54.80
709	36.13	235.84	54.80
710	36.13	248.00	54.80
711	36.13	260.16	54.80
712	36.13	272.32	54.80
713	36.13	284.47	54.80
714	36.13	296.63	54.80
715	36.13	308.79	54.80
716	36.13	320.95	54.80
717	36.13	333.11	54.80
718	36.13	345.26	54.80
719	36.13	357.42	54.80
720	36.13	369.58	54.80
721	48.25	17.00	54.80
722	48.25	29.16	54.80
723	48.25	41.32	54.80
724	48.25	53.47	54.80
725	48.25	65.63	54.80
726	48.25	77.79	54.80
727	48.25	89.95	54.80
728	48.25	102.11	54.80
729	48.25	114.26	54.80
730	48.25	126.42	54.80
731	48.25	138.58	54.80
732	48.25	150.74	54.80
733	48.25	162.89	54.80
734	48.25	175.05	54.80
735	48.25	187.21	54.80
736	48.25	199.37	54.80
737	48.25	211.53	54.80
738	48.25	223.68	54.80
739	48.25	235.84	54.80
740	48.25	248.00	54.80
741	48.25	260.16	54.80
742	48.25	272.32	54.80
743	48.25	284.47	54.80
744	48.25	296.63	54.80
745	48.25	308.79	54.80
746	48.25	320.95	54.80
747	48.25	333.11	54.80
748	48.25	345.26	54.80
749	48.25	357.42	54.80
750	48.25	369.58	54.80
751	60.38	17.00	54.80
752	60.38	29.16	54.80
753	60.38	41.32	54.80
754	60.38	53.47	54.80
755	60.38	65.63	54.80
756	60.38	77.79	54.80
757	60.38	89.95	54.80
758	60.38	102.11	54.80
759	60.38	114.26	54.80
760	60.38	126.42	54.80
761	60.38	138.58	54.80
762	60.38	150.74	54.80
763	60.38	162.89	54.80
764	60.38	175.05	54.80
765	60.38	187.21	54.80
766	60.38	199.37	54.80
767	60.38	211.53	54.80
768	60.38	223.68	54.80
769	60.38	235.84	54.80
770	60.38	248.00	54.80
771	60.38	260.16	54.80
772	60.38	272.32	54.80
773	60.38	284.47	54.80
774	60.38	296.63	54.80
775	60.38	308.79	54.80
776	60.38	320.95	54.80
777	60.38	333.11	54.80
778	60.38	345.26	54.80
779	60.38	357.42	54.80
780	60.38	369.58	54.80
781	72.50	17.00	54.80
782	72.50	29.16	54.80
783	72.50	41.32	54.80
784	72.50	53.47	54.80
785	72.50	65.63	54.80
786	72.50	77.79	54.80
787	72.50	89.95	54.80
788	72.50	102.11	54.80
789	72.50	114.26	54.80
790	72.50	126.42	54.80
791	72.50	138.58	54.80
792	72.50	150.74	54.80
793	72.50	162.89	54.80
794	72.50	175.05	54.80
795	72.50	187.21	54.80
796	72.50	199.37	54.80
797	72.50	211.53	54.80
798	72.50	223.68	54.80
799	72.50	235.84	54.80
800	72.50	248.00	54.80
801	72.50	260.16	54.80
802	72.50	272.32	54.80
803	72.50	284.47	54.80
804	72.50	296.63	54.80
805	72.50	308.79	54.80
806	72.50	320.95	54.80
807	72.50	333.11	54.80
808	72.50	345.26	54.80
809	72.50	357.42	54.80
810	72.50	369.58	54.80
811	84.63	17.00	54.80
812	84.63	29.16	54.80
813	84.63	41.32	54.80
814	84.63	53.47	54.80
815	84.63	65.63	54.80
816	84.63	77.79	54.80
817	84.63	89.95	54.80
818	84.63	102.11	54.80
819	84.63	114.26	54.80
820	84.63	126.42	54.80
821	84.63	138.58	54.80
822	84.63	150.74	54.80
823	84.63	162.89	54.80
824	84.63	175.05	54.80
825	84.63	187.21	54.80
826	84.63	199.37	54.80
827	84.63	211.53	54.80
828	84.63	223.68	54.80
829	84.63	235.84	54.80
830	84.63	248.00	54.80
831	84.63	260.16	54.80
832	84.63	272.32	54.80
833	84.63	284.47	54.80
834	84.63	296.63	54.80
835	84.63	308.79	54.80
836	84.63	320.95	54.80
837	84.63	333.11	54.80
838	84.63	345.26	54.80
839	84.63	357.42	54.80
840	84.63	369.58	54.80
841	96.75	17.00	54.80
842	96.75	29.16	54.80
843	96.75	41.32	54.80
844	96.75	53.47	54.80
845	96.75	65.63	54.80
846	96.75	77.79	54.80
847	96.75	89.95	54.80
848	96.75	102.11	54.80
849	96.75	114.26	54.80
850	96.75	126.42	54.80
851	96.75	138.58	54.80
852	96.75	150.74	54.80
853	96.75	162.89	54.80
854	96.75	175.05	54.80
855	96.75	187.21	54.80
856	96.75	199.37	54.80
857	96.75	211.53	54.80
858	96.75	223.68	54.80
859	96.75	235.84	54.80
860	96.75	248.00	54.80
861	96.75	260.16	54.80
862	96.75	272.32	54.80
863	96.75	284.47	54.80
864	96.75	296.63	54.80
865	96.75	308.79	54.80
866	96.75	320.95	54.80
867	96.75	333.11	54.80
868	96.75	345.26	54.80
869	96.75	357.42	54.80
870	96.75	369.58	54.80
871	108.88	17.00	54.80
872	108.88	29.16	54.80
873	108.88	41.32	54.80
874	108.88	53.47	54.80
875	108.88	65.63	54.80
876	108.88	77.79	54.80
877	108.88	89.95	54.80
878	108.88	102.11	54.80
879	108.88	114.26	54.80
880	108.88	126.42	54.80
881	108.88	138.58	54.80
882	108.88	150.74	54.80
883	108.88	162.89	54.80
884	108.88	175.05	54.80
885	108.88	187.21	54.80
886	108.88	199.37	54.80
887	108.88	211.53	54.80
888	108.88	223.68	54.80
889	108.88	235.84	54.80
890	108.88	248.00	54.80
891	108.88	260.16	54.80
892	108.88	272.32	54.80
893	108.88	284.47	54.80
894	108.88	296.63	54.80
895	108.88	308.79	54.80
896	108.88	320.95	54.80
897	108.88	333.11	54.80
898	108.88	345.26	54.80
899	108.88	357.42	54.80
900	108.88	369.58	54.80
901	121.00	17.00	54.80
902	121.00	29.16	54.80
903	121.00	41.32	54.80
904	121.00	53.47	54.80
905	121.00	65.63	54.80
906	121.00	77.79	54.80
907	121.00	89.95	54.80
908	121.00	102.11	54.80
909	121.00	114.26	54.80
910	121.00	126.42	54.80
911	121.00	138.58	54.80
912	121.00	150.74	54.80
913	121.00	162.89	54.80
914	121.00	175.05	54.80
915	121.00	187.21	54.80
916	121.00	199.37	54.80
917	121.00	211.53	54.80
918	121.00	223.68	54.80
919	121.00	235.84	54.80
920	121.00	248.00	54.80
921	121.00	260.16	54.80
922	121.00	272.32	54.80
923	121.00	284.47	54.80
924	121.00	296.63	54.80
925	121.00	308.79	54.80
926	121.00	320.95	54.80
927	121.00	333.11	54.80
928	121.00	345.26	54.80
929	121.00	357.42	54.80
930	121.00	369.58	54.80
931	133.13	17.00	54.80
932	133.13	29.16	54.80
933	133.13	41.32	54.80
934	133.13	53.47	54.80
935	133.13	65.63	54.80
936	133.13	77.79	54.80
937	133.13	89.95	54.80
938	133.13	102.11	54.80
939	133.13	114.26	54.80
940	133.13	126.42	54.80
941	133.13	138.58	54.80
942	133.13	150.74	54.80
943	133.13	162.89	54.80
944	133.13	175.05	54.80
945	133.13	187.21	54.80
946	133.13	199.37	54.80
947	133.13	211.53	54.80
948	133.13	223.68	54.80
949	133.13	235.84	54.80
950	133.13	248.00	54.80
951	133.13	260.16	54.80
952	133.13	272.32	54.80
953	133.13	284.47	54.80
954	133.13	296.63	54.80
955	133.13	308.79	54.80
956	133.13	320.95	54.80
957	133.13	333.11	54.80
958	133.13	345.26	54.80
959	133.13	357.42	54.80
960	133.13	369.58	54.80
961	145.25	17.00	54.80
962	145.25	29.16	54.80
963	145.25	41.32	54.80
964	145.25	53.47	54.80
965	145.25	65.63	54.80
966	145.25	77.79	54.80
967	145.25	89.95	54.80
968	145.25	102.11	54.80
969	145.25	114.26	54.80
970	145.25	126.42	54.80
971	145.25	138.58	54.80
972	145.25	150.74	54.80
973	145.25	162.89	54.80
974	145.25	175.05	54.80
975	145.25	187.21	54.80
976	145.25	199.37	54.80
977	145.25	211.53	54.80
978	145.25	223.68	54.80
979	145.25	235.84	54.80
980	145.25	248.00	54.80
981	145.25	260.16	54.80
982	145.25	272.32	54.80
983	145.25	284.47	54.80
984	145.25	296.63	54.80
985	145.25	308.79	54.80
986	145.25	320.95	54.80
987	145.25	333.11	54.80
988	145.25	345.26	54.80
989	145.25	357.42	54.80
990	145.25	369.58	54.80
991	157.38	17.00	54.80
992	157.38	29.16	54.80
993	157.38	41.32	54.80
994	157.38	53.47	54.80
995	157.38	65.63	54.80
996	157.38	77.79	54.80
997	157.38	89.95	54.80
998	157.38	102.11	54.80
999	157.38	114.26	54.80
1000	157.38	126.42	54.80
1001	157.38	138.58	54.80
1002	157.38	150.74	54.80
1003	157.38	162.89	54.80
1004	157.38	175.05	54.80
1005	157.38	187.21	54.80
1006	157.38	199.37	54.80
1007	157.38	211.53	54.80
1008	157.38	223.68	54.80
1009	157.38	235.84	54.80
1010	157.38	248.00	54.80
1011	157.38	260.16	54.80
1012	157.38	272.32	54.80
1013	157.38	284.47	54.80
1014	157.38	296.63	54.80
1015	157.38	308.79	54.80
1016	157.38	320.95	54.80
1017	157.38	333.11	54.80
1018	157.38	345.26	54.80
1019	157.38	357.42	54.80
1020	157.38	369.58	54.80
1021	169.50	17.00	54.80
1022	169.50	29.16	54.80
1023	169.50	41.32	54.80
1024	169.50	53.47	54.80
1025	169.50	65.63	54.80
1026	169.50	77.79	54.80
1027	169.50	89.95	54.80
1028	169.50	102.11	54.80
1029	169.50	114.26	54.80
1030	169.50	126.42	54.80
1031	169.50	138.58	54.80
1032	169.50	150.74	54.80
1033	169.50	162.89	54.80
1034	169.50	175.05	54.80
1035	169.50	187.21	54.80
1036	169.50	199.37	54.80
1037	169.50	211.53	54.80
1038	169.50	223.68	54.80
1039	169.50	235.84	54.80
1040	169.50	248.00	54.80
1041	169.50	260.16	54.80
1042	169.50	272.32	54.80
1043	169.50	284.47	54.80
1044	169.50	296.63	54.80
1045	169.50	308.79	54.80
1046	169.50	320.95	54.80
1047	169.50	333.11	54.80
1048	169.50	345.26	54.80
1049	169.50	357.42	54.80
1050	169.50	369.58	54.80
1051	181.63	17.00	54.80
1052	181.63	29.16	54.80
1053	181.63	41.32	54.80
1054	181.63	53.47	54.80
1055	181.63	65.63	54.80
1056	181.63	77.79	54.80
1057	181.63	89.95	54.80
1058	181.63	102.11	54.80
1059	181.63	114.26	54.80
1060	181.63	126.42	54.80
1061	181.63	138.58	54.80
1062	181.63	150.74	54.80
1063	181.63	162.89	54.80
1064	181.63	175.05	54.80
1065	181.63	187.21	54.80
1066	181.63	199.37	54.80
1067	181.63	211.53	54.80
1068	181.63	223.68	54.80
1069	181.63	235.84	54.80
1070	181.63	248.00	54.80
1071	181.63	260.16	54.80
1072	181.63	272.32	54.80
1073	181.63	284.47	54.80
1074	181.63	296.63	54.80
1075	181.63	308.79	54.80
1076	181.63	320.95	54.80
1077	181.63	333.11	54.80
1078	181.63	345.26	54.80
1079	181.63	357.42	54.80
1080	181.63	369.58	54.80
1081	193.75	17.00	54.80
1082	193.75	29.16	54.80
1083	193.75	41.32	54.80
1084	193.75	53.47	54.80
1085	193.75	65.63	54.80
1086	193.75	77.79	54.80
1087	193.75	89.95	54.80
1088	193.75	102.11	54.80
1089	193.75	114.26	54.80
1090	193.75	126.42	54.80
1091	193.75	138.58	54.80
1092	193.75	150.74	54.80
1093	193.75	162.89	54.80
1094	193.75	175.05	54.80
1095	193.75	187.21	54.80
1096	193.75	199.37	54.80
1097	193.75	211.53	54.80
1098	193.75	223.68	54.80
1099	193.75	235.84	54.80
1100	193.75	248.00	54.80
1101	193.75	260.16	54.80
1102	193.75	272.32	54.80
1103	193.75	284.47	54.80
1104	193.75	296.63	54.80
1105	193.75	308.79	54.80
1106	193.75	320.95	54.80
1107	193.75	333.11	54.80
1108	193.75	345.26	54.80
1109	193.75	357.42	54.80
1110	193.75	369.58	54.80
1111	205.88	17.00	54.80
1112	205.88	29.16	54.80
1113	205.88	41.32	54.80
1114	205.88	53.47	54.80
1115	205.88	65.63	54.80
1116	205.88	77.79	54.80
1117	205.88	89.95	54.80
1118	205.88	102.11	54.80
1119	205.88	114.26	54.80
1120	205.88	126.42	54.80
1121	205.88	138.58	54.80
1122	205.88	150.74	54.80
1123	205.88	162.89	54.80
1124	205.88	175.05	54.80
1125	205.88	187.21	54.80
1126	205.88	199.37	54.80
1127	205.88	211.53	54.80
1128	205.88	223.68	54.80
1129	205.88	235.84	54.80
1130	205.88	248.00	54.80
1131	205.88	260.16	54.80
1132	205.88	272.32	54.80
1133	205.88	284.47	54.80
1134	205.88	296.63	54.80
1135	205.88	308.79	54.80
1136	205.88	320.95	54.80
1137	205.88	333.11	54.80
1138	205.88	345.26	54.80
1139	205.88	357.42	54.80
1140	205.88	369.58	54.80
1141	218.00	17.00	54.80
1142	218.00	29.16	54.80
1143	218.00	41.32	54.80
1144	218.00	53.47	54.80
1145	218.00	65.63	54.80
1146	218.00	77.79	54.80
1147	218.00	89.95	54.80
1148	218.00	102.11	54.80
1149	218.00	114.26	54.80
1150	218.00	126.42	54.80
1151	218.00	138.58	54.80
1152	218.00	150.74	54.80
1153	218.00	162.89	54.80
1154	218.00	175.05	54.80
1155	218.00	187.21	54.80
1156	218.00	199.37	54.80
1157	218.00	211.53	54.80
1158	218.00	223.68	54.80
1159	218.00	235.84	54.80
1160	218.00	248.00	54.80
1161	218.00	260.16	54.80
1162	218.00	272.32	54.80
1163	218.00	284.47	54.80
1164	218.00	296.63	54.80
1165	218.00	308.79	54.80
1166	218.00	320.95	54.80
1167	218.00	333.11	54.80
1168	218.00	345.26	54.80
1169	218.00	357.42	54.80
1170	218.00	369.58	54.80
1171	230.13	17.00	54.80
1172	230.13	29.16	54.80
1173	230.13	41.32	54.80
1174	230.13	53.47	54.80
1175	230.13	65.63	54.80
1176	230.13	77.79	54.80
1177	230.13	89.95	54.80
1178	230.13	102.11	54.80
1179	230.13	114.26	54.80
1180	230.13	126.42	54.80
1181	230.13	138.58	54.80
1182	230.13	150.74	54.80
1183	230.13	162.89	54.80
1184	230.13	175.05	54.80
1185	230.13	187.21	54.80
1186	230.13	199.37	54.80
1187	230.13	211.53	54.80
1188	230.13	223.68	54.80
1189	230.13	235.84	54.80
1190	230.13	248.00	54.80
1191	230.13	260.16	54.80
1192	230.13	272.32	54.80
1193	230.13	284.47	54.80
1194	230.13	296.63	54.80
1195	230.13	308.79	54.80
1196	230.13	320.95	54.80
1197	230.13	333.11	54.80
1198	230.13	345.26	54.80
1199	230.13	357.42	54.80
1200	230.13	369.58	54.80
1201	242.25	17.00	54.80
1202	242.25	29.16	54.80
1203	242.25	41.32	54.80
1204	242.25	53.47	54.80
1205	242.25	65.63	54.80
1206	242.25	77.79	54.80
1207	242.25	89.95	54.80
1208	242.25	102.11	54.80
1209	242.25	114.26	54.80
1210	242.25	126.42	54.80
1211	242.25	138.58	54.80
1212	242.25	150.74	54.80
1213	242.25	162.89	54.80
1214	242.25	175.05	54.80
1215	242.25	187.21	54.80
1216	242.25	199.37	54.80
1217	242.25	211.53	54.80
1218	242.25	223.68	54.80
1219	242.25	235.84	54.80
1220	242.25	248.00	54.80
1221	242.25	260.16	54.80
1222	242.25	272.32	54.80
1223	242.25	284.47	54.80
1224	242.25	296.63	54.80
1225	242.25	308.79	54.80
1226	242.25	320.95	54.80
1227	242.25	333.11	54.80
1228	242.25	345.26	54.80
1229	242.25	357.42	54.80
1230	242.25	369.58	54.80
1231	254.38	17.00	54.80
1232	254.38	29.16	54.80
1233	254.38	41.32	54.80
1234	254.38	53.47	54.80
1235	254.38	65.63	54.80
1236	254.38	77.79	54.80
1237	254.38	89.95	54.80
1238	254.38	102.11	54.80
1239	254.38	114.26	54.80
1240	254.38	126.42	54.80
1241	254.38	138.58	54.80
1242	254.38	150.74	54.80
1243	254.38	162.89	54.80
1244	254.38	175.05	54.80
1245	254.38	187.21	54.80
1246	254.38	199.37	54.80
1247	254.38	211.53	54.80
1248	254.38	223.68	54.80
1249	254.38	235.84	54.80
1250	254.38	248.00	54.80
1251	254.38	260.16	54.80
1252	254.38	272.32	54.80
1253	254.38	284.47	54.80
1254	254.38	296.63	54.80
1255	254.38	308.79	54.80
1256	254.38	320.95	54.80
1257	254.38	333.11	54.80
1258	254.38	345.26	54.80
1259	254.38	357.42	54.80
1260	254.38	369.58	54.80
1261	266.50	17.00	54.80
1262	266.50	29.16	54.80
1263	266.50	41.32	54.80
1264	266.50	53.47	54.80
1265	266.50	65.63	54.80
1266	266.50	77.79	54.80
1267	266.50	89.95	54.80
1268	266.50	102.11	54.80
1269	266.50	114.26	54.80
1270	266.50	126.42	54.80
1271	266.50	138.58	54.80
1272	266.50	150.74	54.80
1273	266.50	162.89	54.80
1274	266.50	175.05	54.80
1275	266.50	187.21	54.80
1276	266.50	199.37	54.80
1277	266.50	211.53	54.80
1278	266.50	223.68	54.80
1279	266.50	235.84	54.80
1280	266.50	248.00	54.80
1281	266.50	260.16	54.80
1282	266.50	272.32	54.80
1283	266.50	284.47	54.80
1284	266.50	296.63	54.80
1285	266.50	308.79	54.80
1286	266.50	320.95	54.80
1287	266.50	333.11	54.80
1288	266.50	345.26	54.80
1289	266.50	357.42	54.80
1290	266.50	369.58	54.80
1291	278.63	17.00	54.80
1292	278.63	29.16	54.80
1293	278.63	41.32	54.80
1294	278.63	53.47	54.80
1295	278.63	65.63	54.80
1296	278.63	77.79	54.80
1297	278.63	89.95	54.80
1298	278.63	102.11	54.80
1299	278.63	114.26	54.80
1300	278.63	126.42	54.80
1301	278.63	138.58	54.80
1302	278.63	150.74	54.80
1303	278.63	162.89	54.80
1304	278.63	175.05	54.80
1305	278.63	187.21	54.80
1306	278.63	199.37	54.80
1307	278.63	211.53	54.80
1308	278.63	223.68	54.80
1309	278.63	235.84	54.80
1310	278.63	248.00	54.80
1311	278.63	260.16	54.80
1312	278.63	272.32	54.80
1313	278.63	284.47	54.80
1314	278.63	296.63	54.80
1315	278.63	308.79	54.80
1316	278.63	320.95	54.80
1317	278.63	333.11	54.80
1318	278.63	345.26	54.80
1319	278.63	357.42	54.80
1320	278.63	369.58	54.80
1321	24.00	17.00	73.50
1322	24.00	29.16	73.50
1323	24.00	41.32	73.50
1324	24.00	53.47	73.50
1325	24.00	65.63	73.50
1326	24.00	77.79	73.50
1327	24.00	89.95	73.50
1328	24.00	102.11	73.50
1329	24.00	114.26	73.50
1330	24.00	126.42	73.50
1331	24.00	138.58	73.50
1332	24.00	150.74	73.50
1333	24.00	162.89	73.50
1334	24.00	175.05	73.50
1335	24.00	187.21	73.50
1336	24.00	199.37	73.50
1337	24.00	211.53	73.50
1338	24.00	223.68	73.50
1339	24.00	235.84	73.50
1340	24.00	248.00	73.50
1341	24.00	260.16	73.50
1342	24.00	272.32	73.50
1343	24.00	284.47	73.50
1344	24.00	296.63	73.50
1345	24.00	308.79	73.50
1346	24.00	320.95	73.50
1347	24	333.11	73.5
1348	24	345.26	73.5
1349	24	357.42	73.5
1350	24	369.58	73.5
1351	36.13	17	73.5
1352	36.13	29.16	73.5
1353	36.13	41.32	73.5
1354	36.13	53.47	73.5
1355	36.13	65.63	73.5
1356	36.13	77.79	73.5
1357	36.13	89.95	73.5
1358	36.13	102.11	73.5
1359	36.13	114.26	73.5
1360	36.13	126.42	73.5
1361	36.13	138.58	73.5
1362	36.13	150.74	73.5
1363	36.13	162.89	73.5
1364	36.13	175.05	73.5
1365	36.13	187.21	73.5
1366	36.13	199.37	73.5
1367	36.13	211.53	73.5
1368	36.13	223.68	73.5
1369	36.13	235.84	73.5
1370	36.13	248	73.5
1371	36.13	260.16	73.5
1372	36.13	272.32	73.5
1373	36.13	284.47	73.5
1374	36.13	296.63	73.5
1375	36.13	308.79	73.5
1376	36.13	320.95	73.5
1377	36.13	333.11	73.5
1378	36.13	345.26	73.5
1379	36.13	357.42	73.5
1380	36.13	369.58	73.5
1381	48.25	17	73.5
1382	48.25	29.16	73.5
1383	48.25	41.32	73.5
1384	48.25	53.47	73.5
1385	48.25	65.63	73.5
1386	48.25	77.79	73.5
1387	48.25	89.95	73.5
1388	48.25	102.11	73.5
1389	48.25	114.26	73.5
1390	48.25	126.42	73.5
1391	48.25	138.58	73.5
1392	48.25	150.74	73.5
1393	48.25	162.89	73.5
1394	48.25	175.05	73.5
1395	48.25	187.21	73.5
1396	48.25	199.37	73.5
1397	48.25	211.53	73.5
1398	48.25	223.68	73.5
1399	48.25	235.84	73.5
1400	48.25	248	73.5
1401	48.25	260.16	73.5
1402	48.25	272.32	73.5
1403	48.25	284.47	73.5
1404	48.25	296.63	73.5
1405	48.25	308.79	73.5
1406	48.25	320.95	73.5
1407	48.25	333.11	73.5
1408	48.25	345.26	73.5
1409	48.25	357.42	73.5
1410	48.25	369.58	73.5
1411	60.38	17	73.5
1412	60.38	29.16	73.5
1413	60.38	41.32	73.5
1414	60.38	53.47	73.5
1415	60.38	65.63	73.5
1416	60.38	77.79	73.5
1417	60.38	89.95	73.5
1418	60.38	102.11	73.5
1419	60.38	114.26	73.5
1420	60.38	126.42	73.5
1421	60.38	138.58	73.5
1422	60.38	150.74	73.5
1423	60.38	162.89	73.5
1424	60.38	175.05	73.5
1425	60.38	187.21	73.5
1426	60.38	199.37	73.5
1427	60.38	211.53	73.5
1428	60.38	223.68	73.5
1429	60.38	235.84	73.5
1430	60.38	248	73.5
1431	60.38	260.16	73.5
1432	60.38	272.32	73.5
1433	60.38	284.47	73.5
1434	60.38	296.63	73.5
1435	60.38	308.79	73.5
1436	60.38	320.95	73.5
1437	60.38	333.11	73.5
1438	60.38	345.26	73.5
1439	60.38	357.42	73.5
1440	60.38	369.58	73.5
1441	72.5	17	73.5
1442	72.5	29.16	73.5
1443	72.5	41.32	73.5
1444	72.5	53.47	73.5
1445	72.5	65.63	73.5
1446	72.5	77.79	73.5
1447	72.5	89.95	73.5
1448	72.5	102.11	73.5
1449	72.5	114.26	73.5
1450	72.5	126.42	73.5
1451	72.5	138.58	73.5
1452	72.5	150.74	73.5
1453	72.5	162.89	73.5
1454	72.5	175.05	73.5
1455	72.5	187.21	73.5
1456	72.5	199.37	73.5
1457	72.5	211.53	73.5
1458	72.5	223.68	73.5
1459	72.5	235.84	73.5
1460	72.5	248	73.5
1461	72.5	260.16	73.5
1462	72.5	272.32	73.5
1463	72.5	284.47	73.5
1464	72.5	296.63	73.5
1465	72.5	308.79	73.5
1466	72.5	320.95	73.5
1467	72.5	333.11	73.5
1468	72.5	345.26	73.5
1469	72.5	357.42	73.5
1470	72.5	369.58	73.5
1471	84.63	17	73.5
1472	84.63	29.16	73.5
1473	84.63	41.32	73.5
1474	84.63	53.47	73.5
1475	84.63	65.63	73.5
1476	84.63	77.79	73.5
1477	84.63	89.95	73.5
1478	84.63	102.11	73.5
1479	84.63	114.26	73.5
1480	84.63	126.42	73.5
1481	84.63	138.58	73.5
1482	84.63	150.74	73.5
1483	84.63	162.89	73.5
1484	84.63	175.05	73.5
1485	84.63	187.21	73.5
1486	84.63	199.37	73.5
1487	84.63	211.53	73.5
1488	84.63	223.68	73.5
1489	84.63	235.84	73.5
1490	84.63	248	73.5
1491	84.63	260.16	73.5
1492	84.63	272.32	73.5
1493	84.63	284.47	73.5
1494	84.63	296.63	73.5
1495	84.63	308.79	73.5
1496	84.63	320.95	73.5
1497	84.63	333.11	73.5
1498	84.63	345.26	73.5
1499	84.63	357.42	73.5
1500	84.63	369.58	73.5
1501	96.75	17	73.5
1502	96.75	29.16	73.5
1503	96.75	41.32	73.5
1504	96.75	53.47	73.5
1505	96.75	65.63	73.5
1506	96.75	77.79	73.5
1507	96.75	89.95	73.5
1508	96.75	102.11	73.5
1509	96.75	114.26	73.5
1510	96.75	126.42	73.5
1511	96.75	138.58	73.5
1512	96.75	150.74	73.5
1513	96.75	162.89	73.5
1514	96.75	175.05	73.5
1515	96.75	187.21	73.5
1516	96.75	199.37	73.5
1517	96.75	211.53	73.5
1518	96.75	223.68	73.5
1519	96.75	235.84	73.5
1520	96.75	248	73.5
1521	96.75	260.16	73.5
1522	96.75	272.32	73.5
1523	96.75	284.47	73.5
1524	96.75	296.63	73.5
1525	96.75	308.79	73.5
1526	96.75	320.95	73.5
1527	96.75	333.11	73.5
1528	96.75	345.26	73.5
1529	96.75	357.42	73.5
1530	96.75	369.58	73.5
1531	108.88	17	73.5
1532	108.88	29.16	73.5
1533	108.88	41.32	73.5
1534	108.88	53.47	73.5
1535	108.88	65.63	73.5
1536	108.88	77.79	73.5
1537	108.88	89.95	73.5
1538	108.88	102.11	73.5
1539	108.88	114.26	73.5
1540	108.88	126.42	73.5
1541	108.88	138.58	73.5
1542	108.88	150.74	73.5
1543	108.88	162.89	73.5
1544	108.88	175.05	73.5
1545	108.88	187.21	73.5
1546	108.88	199.37	73.5
1547	108.88	211.53	73.5
1548	108.88	223.68	73.5
1549	108.88	235.84	73.5
1550	108.88	248	73.5
1551	108.88	260.16	73.5
1552	108.88	272.32	73.5
1553	108.88	284.47	73.5
1554	108.88	296.63	73.5
1555	108.88	308.79	73.5
1556	108.88	320.95	73.5
1557	108.88	333.11	73.5
1558	108.88	345.26	73.5
1559	108.88	357.42	73.5
1560	108.88	369.58	73.5
1561	121	17	73.5
1562	121	29.16	73.5
1563	121	41.32	73.5
1564	121	53.47	73.5
1565	121	65.63	73.5
1566	121	77.79	73.5
1567	121	89.95	73.5
1568	121	102.11	73.5
1569	121	114.26	73.5
1570	121	126.42	73.5
1571	121	138.58	73.5
1572	121	150.74	73.5
1573	121	162.89	73.5
1574	121	175.05	73.5
1575	121	187.21	73.5
1576	121	199.37	73.5
1577	121	211.53	73.5
1578	121	223.68	73.5
1579	121	235.84	73.5
1580	121	248	73.5
1581	121	260.16	73.5
1582	121	272.32	73.5
1583	121	284.47	73.5
1584	121	296.63	73.5
1585	121	308.79	73.5
1586	121	320.95	73.5
1587	121	333.11	73.5
1588	121	345.26	73.5
1589	121	357.42	73.5
1590	121	369.58	73.5
1591	133.13	17	73.5
1592	133.13	29.16	73.5
1593	133.13	41.32	73.5
1594	133.13	53.47	73.5
1595	133.13	65.63	73.5
1596	133.13	77.79	73.5
1597	133.13	89.95	73.5
1598	133.13	102.11	73.5
1599	133.13	114.26	73.5
1600	133.13	126.42	73.5
1601	133.13	138.58	73.5
1602	133.13	150.74	73.5
1603	133.13	162.89	73.5
1604	133.13	175.05	73.5
1605	133.13	187.21	73.5
1606	133.13	199.37	73.5
1607	133.13	211.53	73.5
1608	133.13	223.68	73.5
1609	133.13	235.84	73.5
1610	133.13	248	73.5
1611	133.13	260.16	73.5
1612	133.13	272.32	73.5
1613	133.13	284.47	73.5
1614	133.13	296.63	73.5
1615	133.13	308.79	73.5
1616	133.13	320.95	73.5
1617	133.13	333.11	73.5
1618	133.13	345.26	73.5
1619	133.13	357.42	73.5
1620	133.13	369.58	73.5
1621	145.25	17	73.5
1622	145.25	29.16	73.5
1623	145.25	41.32	73.5
1624	145.25	53.47	73.5
1625	145.25	65.63	73.5
1626	145.25	77.79	73.5
1627	145.25	89.95	73.5
1628	145.25	102.11	73.5
1629	145.25	114.26	73.5
1630	145.25	126.42	73.5
1631	145.25	138.58	73.5
1632	145.25	150.74	73.5
1633	145.25	162.89	73.5
1634	145.25	175.05	73.5
1635	145.25	187.21	73.5
1636	145.25	199.37	73.5
1637	145.25	211.53	73.5
1638	145.25	223.68	73.5
1639	145.25	235.84	73.5
1640	145.25	248	73.5
1641	145.25	260.16	73.5
1642	145.25	272.32	73.5
1643	145.25	284.47	73.5
1644	145.25	296.63	73.5
1645	145.25	308.79	73.5
1646	145.25	320.95	73.5
1647	145.25	333.11	73.5
1648	145.25	345.26	73.5
1649	145.25	357.42	73.5
1650	145.25	369.58	73.5
1651	157.38	17	73.5
1652	157.38	29.16	73.5
1653	157.38	41.32	73.5
1654	157.38	53.47	73.5
1655	157.38	65.63	73.5
1656	157.38	77.79	73.5
1657	157.38	89.95	73.5
1658	157.38	102.11	73.5
1659	157.38	114.26	73.5
1660	157.38	126.42	73.5
1661	157.38	138.58	73.5
1662	157.38	150.74	73.5
1663	157.38	162.89	73.5
1664	157.38	175.05	73.5
1665	157.38	187.21	73.5
1666	157.38	199.37	73.5
1667	157.38	211.53	73.5
1668	157.38	223.68	73.5
1669	157.38	235.84	73.5
1670	157.38	248	73.5
1671	157.38	260.16	73.5
1672	157.38	272.32	73.5
1673	157.38	284.47	73.5
1674	157.38	296.63	73.5
1675	157.38	308.79	73.5
1676	157.38	320.95	73.5
1677	157.38	333.11	73.5
1678	157.38	345.26	73.5
1679	157.38	357.42	73.5
1680	157.38	369.58	73.5
1681	169.5	17	73.5
1682	169.5	29.16	73.5
1683	169.5	41.32	73.5
1684	169.5	53.47	73.5
1685	169.5	65.63	73.5
1686	169.5	77.79	73.5
1687	169.5	89.95	73.5
1688	169.5	102.11	73.5
1689	169.5	114.26	73.5
1690	169.5	126.42	73.5
1691	169.5	138.58	73.5
1692	169.5	150.74	73.5
1693	169.5	162.89	73.5
1694	169.5	175.05	73.5
1695	169.5	187.21	73.5
1696	169.5	199.37	73.5
1697	169.5	211.53	73.5
1698	169.5	223.68	73.5
1699	169.5	235.84	73.5
1700	169.5	248	73.5
1701	169.5	260.16	73.5
1702	169.5	272.32	73.5
1703	169.5	284.47	73.5
1704	169.5	296.63	73.5
1705	169.5	308.79	73.5
1706	169.5	320.95	73.5
1707	169.5	333.11	73.5
1708	169.5	345.26	73.5
1709	169.5	357.42	73.5
1710	169.5	369.58	73.5
1711	181.63	17	73.5
1712	181.63	29.16	73.5
1713	181.63	41.32	73.5
1714	181.63	53.47	73.5
1715	181.63	65.63	73.5
1716	181.63	77.79	73.5
1717	181.63	89.95	73.5
1718	181.63	102.11	73.5
1719	181.63	114.26	73.5
1720	181.63	126.42	73.5
1721	181.63	138.58	73.5
1722	181.63	150.74	73.5
1723	181.63	162.89	73.5
1724	181.63	175.05	73.5
1725	181.63	187.21	73.5
1726	181.63	199.37	73.5
1727	181.63	211.53	73.5
1728	181.63	223.68	73.5
1729	181.63	235.84	73.5
1730	181.63	248	73.5
1731	181.63	260.16	73.5
1732	181.63	272.32	73.5
1733	181.63	284.47	73.5
1734	181.63	296.63	73.5
1735	181.63	308.79	73.5
1736	181.63	320.95	73.5
1737	181.63	333.11	73.5
1738	181.63	345.26	73.5
1739	181.63	357.42	73.5
1740	181.63	369.58	73.5
1741	193.75	17	73.5
1742	193.75	29.16	73.5
1743	193.75	41.32	73.5
1744	193.75	53.47	73.5
1745	193.75	65.63	73.5
1746	193.75	77.79	73.5
1747	193.75	89.95	73.5
1748	193.75	102.11	73.5
1749	193.75	114.26	73.5
1750	193.75	126.42	73.5
1751	193.75	138.58	73.5
1752	193.75	150.74	73.5
1753	193.75	162.89	73.5
1754	193.75	175.05	73.5
1755	193.75	187.21	73.5
1756	193.75	199.37	73.5
1757	193.75	211.53	73.5
1758	193.75	223.68	73.5
1759	193.75	235.84	73.5
1760	193.75	248	73.5
1761	193.75	260.16	73.5
1762	193.75	272.32	73.5
1763	193.75	284.47	73.5
1764	193.75	296.63	73.5
1765	193.75	308.79	73.5
1766	193.75	320.95	73.5
1767	193.75	333.11	73.5
1768	193.75	345.26	73.5
1769	193.75	357.42	73.5
1770	193.75	369.58	73.5
1771	205.88	17	73.5
1772	205.88	29.16	73.5
1773	205.88	41.32	73.5
1774	205.88	53.47	73.5
1775	205.88	65.63	73.5
1776	205.88	77.79	73.5
1777	205.88	89.95	73.5
1778	205.88	102.11	73.5
1779	205.88	114.26	73.5
1780	205.88	126.42	73.5
1781	205.88	138.58	73.5
1782	205.88	150.74	73.5
1783	205.88	162.89	73.5
1784	205.88	175.05	73.5
1785	205.88	187.21	73.5
1786	205.88	199.37	73.5
1787	205.88	211.53	73.5
1788	205.88	223.68	73.5
1789	205.88	235.84	73.5
1790	205.88	248	73.5
1791	205.88	260.16	73.5
1792	205.88	272.32	73.5
1793	205.88	284.47	73.5
1794	205.88	296.63	73.5
1795	205.88	308.79	73.5
1796	205.88	320.95	73.5
1797	205.88	333.11	73.5
1798	205.88	345.26	73.5
1799	205.88	357.42	73.5
1800	205.88	369.58	73.5
1801	218	17	73.5
1802	218	29.16	73.5
1803	218	41.32	73.5
1804	218	53.47	73.5
1805	218	65.63	73.5
1806	218	77.79	73.5
1807	218	89.95	73.5
1808	218	102.11	73.5
1809	218	114.26	73.5
1810	218	126.42	73.5
1811	218	138.58	73.5
1812	218	150.74	73.5
1813	218	162.89	73.5
1814	218	175.05	73.5
1815	218	187.21	73.5
1816	218	199.37	73.5
1817	218	211.53	73.5
1818	218	223.68	73.5
1819	218	235.84	73.5
1820	218	248	73.5
1821	218	260.16	73.5
1822	218	272.32	73.5
1823	218	284.47	73.5
1824	218	296.63	73.5
1825	218	308.79	73.5
1826	218	320.95	73.5
1827	218	333.11	73.5
1828	218	345.26	73.5
1829	218	357.42	73.5
1830	218	369.58	73.5
1831	230.13	17	73.5
1832	230.13	29.16	73.5
1833	230.13	41.32	73.5
1834	230.13	53.47	73.5
1835	230.13	65.63	73.5
1836	230.13	77.79	73.5
1837	230.13	89.95	73.5
1838	230.13	102.11	73.5
1839	230.13	114.26	73.5
1840	230.13	126.42	73.5
1841	230.13	138.58	73.5
1842	230.13	150.74	73.5
1843	230.13	162.89	73.5
1844	230.13	175.05	73.5
1845	230.13	187.21	73.5
1846	230.13	199.37	73.5
1847	230.13	211.53	73.5
1848	230.13	223.68	73.5
1849	230.13	235.84	73.5
1850	230.13	248	73.5
1851	230.13	260.16	73.5
1852	230.13	272.32	73.5
1853	230.13	284.47	73.5
1854	230.13	296.63	73.5
1855	230.13	308.79	73.5
1856	230.13	320.95	73.5
1857	230.13	333.11	73.5
1858	230.13	345.26	73.5
1859	230.13	357.42	73.5
1860	230.13	369.58	73.5
1861	242.25	17	73.5
1862	242.25	29.16	73.5
1863	242.25	41.32	73.5
1864	242.25	53.47	73.5
1865	242.25	65.63	73.5
1866	242.25	77.79	73.5
1867	242.25	89.95	73.5
1868	242.25	102.11	73.5
1869	242.25	114.26	73.5
1870	242.25	126.42	73.5
1871	242.25	138.58	73.5
1872	242.25	150.74	73.5
1873	242.25	162.89	73.5
1874	242.25	175.05	73.5
1875	242.25	187.21	73.5
1876	242.25	199.37	73.5
1877	242.25	211.53	73.5
1878	242.25	223.68	73.5
1879	242.25	235.84	73.5
1880	242.25	248	73.5
1881	242.25	260.16	73.5
1882	242.25	272.32	73.5
1883	242.25	284.47	73.5
1884	242.25	296.63	73.5
1885	242.25	308.79	73.5
1886	242.25	320.95	73.5
1887	242.25	333.11	73.5
1888	242.25	345.26	73.5
1889	242.25	357.42	73.5
1890	242.25	369.58	73.5
1891	254.38	17	73.5
1892	254.38	29.16	73.5
1893	254.38	41.32	73.5
1894	254.38	53.47	73.5
1895	254.38	65.63	73.5
1896	254.38	77.79	73.5
1897	254.38	89.95	73.5
1898	254.38	102.11	73.5
1899	254.38	114.26	73.5
1900	254.38	126.42	73.5
1901	254.38	138.58	73.5
1902	254.38	150.74	73.5
1903	254.38	162.89	73.5
1904	254.38	175.05	73.5
1905	254.38	187.21	73.5
1906	254.38	199.37	73.5
1907	254.38	211.53	73.5
1908	254.38	223.68	73.5
1909	254.38	235.84	73.5
1910	254.38	248	73.5
1911	254.38	260.16	73.5
1912	254.38	272.32	73.5
1913	254.38	284.47	73.5
1914	254.38	296.63	73.5
1915	254.38	308.79	73.5
1916	254.38	320.95	73.5
1917	254.38	333.11	73.5
1918	254.38	345.26	73.5
1919	254.38	357.42	73.5
1920	254.38	369.58	73.5
1921	266.5	17	73.5
1922	266.5	29.16	73.5
1923	266.5	41.32	73.5
1924	266.5	53.47	73.5
1925	266.5	65.63	73.5
1926	266.5	77.79	73.5
1927	266.5	89.95	73.5
1928	266.5	102.11	73.5
1929	266.5	114.26	73.5
1930	266.5	126.42	73.5
1931	266.5	138.58	73.5
1932	266.5	150.74	73.5
1933	266.5	162.89	73.5
1934	266.5	175.05	73.5
1935	266.5	187.21	73.5
1936	266.5	199.37	73.5
1937	266.5	211.53	73.5
1938	266.5	223.68	73.5
1939	266.5	235.84	73.5
1940	266.5	248	73.5
1941	266.5	260.16	73.5
1942	266.5	272.32	73.5
1943	266.5	284.47	73.5
1944	266.5	296.63	73.5
1945	266.5	308.79	73.5
1946	266.5	320.95	73.5
1947	266.5	333.11	73.5
1948	266.5	345.26	73.5
1949	266.5	357.42	73.5
1950	266.5	369.58	73.5
1951	278.63	17	73.5
1952	278.63	29.16	73.5
1953	278.63	41.32	73.5
1954	278.63	53.47	73.5
1955	278.63	65.63	73.5
1956	278.63	77.79	73.5
1957	278.63	89.95	73.5
1958	278.63	102.11	73.5
1959	278.63	114.26	73.5
1960	278.63	126.42	73.5
1961	278.63	138.58	73.5
1962	278.63	150.74	73.5
1963	278.63	162.89	73.5
1964	278.63	175.05	73.5
1965	278.63	187.21	73.5
1966	278.63	199.37	73.5
1967	278.63	211.53	73.5
1968	278.63	223.68	73.5
1969	278.63	235.84	73.5
1970	278.63	248	73.5
1971	278.63	260.16	73.5
1972	278.63	272.32	73.5
1973	278.63	284.47	73.5
1974	278.63	296.63	73.5
1975	278.63	308.79	73.5
1976	278.63	320.95	73.5
1977	278.63	333.11	73.5
1978	278.63	345.26	73.5
1979	278.63	357.42	73.5
1980	278.63	369.58	73.5
1981	24	17	114.4
1982	24	29.16	114.4
1983	24	41.32	114.4
1984	24	53.47	114.4
1985	24	65.63	114.4
1986	24	77.79	114.4
1987	24	89.95	114.4
1988	24	102.11	114.4
1989	24	114.26	114.4
1990	24	126.42	114.4
1991	24	138.58	114.4
1992	24	150.74	114.4
1993	24	162.89	114.4
1994	24	175.05	114.4
1995	24	187.21	114.4
1996	24	199.37	114.4
1997	24	211.53	114.4
1998	24	223.68	114.4
1999	24	235.84	114.4
2000	24	248	114.4
2001	24	260.16	114.4
2002	24	272.32	114.4
2003	24	284.47	114.4
2004	24	296.63	114.4
2005	24	308.79	114.4
2006	24	320.95	114.4
2007	24	333.11	114.4
2008	24	345.26	114.4
2009	24	357.42	114.4
2010	24	369.58	114.4
2011	36.13	17	114.4
2012	36.13	29.16	114.4
2013	36.13	41.32	114.4
2014	36.13	53.47	114.4
2015	36.13	65.63	114.4
2016	36.13	77.79	114.4
2017	36.13	89.95	114.4
2018	36.13	102.11	114.4
2019	36.13	114.26	114.4
2020	36.13	126.42	114.4
2021	36.13	138.58	114.4
2022	36.13	150.74	114.4
2023	36.13	162.89	114.4
2024	36.13	175.05	114.4
2025	36.13	187.21	114.4
2026	36.13	199.37	114.4
2027	36.13	211.53	114.4
2028	36.13	223.68	114.4
2029	36.13	235.84	114.4
2030	36.13	248	114.4
2031	36.13	260.16	114.4
2032	36.13	272.32	114.4
2033	36.13	284.47	114.4
2034	36.13	296.63	114.4
2035	36.13	308.79	114.4
2036	36.13	320.95	114.4
2037	36.13	333.11	114.4
2038	36.13	345.26	114.4
2039	36.13	357.42	114.4
2040	36.13	369.58	114.4
2041	48.25	17	114.4
2042	48.25	29.16	114.4
2043	48.25	41.32	114.4
2044	48.25	53.47	114.4
2045	48.25	65.63	114.4
2046	48.25	77.79	114.4
2047	48.25	89.95	114.4
2048	48.25	102.11	114.4
2049	48.25	114.26	114.4
2050	48.25	126.42	114.4
2051	48.25	138.58	114.4
2052	48.25	150.74	114.4
2053	48.25	162.89	114.4
2054	48.25	175.05	114.4
2055	48.25	187.21	114.4
2056	48.25	199.37	114.4
2057	48.25	211.53	114.4
2058	48.25	223.68	114.4
2059	48.25	235.84	114.4
2060	48.25	248	114.4
2061	48.25	260.16	114.4
2062	48.25	272.32	114.4
2063	48.25	284.47	114.4
2064	48.25	296.63	114.4
2065	48.25	308.79	114.4
2066	48.25	320.95	114.4
2067	48.25	333.11	114.4
2068	48.25	345.26	114.4
2069	48.25	357.42	114.4
2070	48.25	369.58	114.4
2071	60.38	17	114.4
2072	60.38	29.16	114.4
2073	60.38	41.32	114.4
2074	60.38	53.47	114.4
2075	60.38	65.63	114.4
2076	60.38	77.79	114.4
2077	60.38	89.95	114.4
2078	60.38	102.11	114.4
2079	60.38	114.26	114.4
2080	60.38	126.42	114.4
2081	60.38	138.58	114.4
2082	60.38	150.74	114.4
2083	60.38	162.89	114.4
2084	60.38	175.05	114.4
2085	60.38	187.21	114.4
2086	60.38	199.37	114.4
2087	60.38	211.53	114.4
2088	60.38	223.68	114.4
2089	60.38	235.84	114.4
2090	60.38	248	114.4
2091	60.38	260.16	114.4
2092	60.38	272.32	114.4
2093	60.38	284.47	114.4
2094	60.38	296.63	114.4
2095	60.38	308.79	114.4
2096	60.38	320.95	114.4
2097	60.38	333.11	114.4
2098	60.38	345.26	114.4
2099	60.38	357.42	114.4
2100	60.38	369.58	114.4
2101	72.5	17	114.4
2102	72.5	29.16	114.4
2103	72.5	41.32	114.4
2104	72.5	53.47	114.4
2105	72.5	65.63	114.4
2106	72.5	77.79	114.4
2107	72.5	89.95	114.4
2108	72.5	102.11	114.4
2109	72.5	114.26	114.4
2110	72.5	126.42	114.4
2111	72.5	138.58	114.4
2112	72.5	150.74	114.4
2113	72.5	162.89	114.4
2114	72.5	175.05	114.4
2115	72.5	187.21	114.4
2116	72.5	199.37	114.4
2117	72.5	211.53	114.4
2118	72.5	223.68	114.4
2119	72.5	235.84	114.4
2120	72.5	248	114.4
2121	72.5	260.16	114.4
2122	72.5	272.32	114.4
2123	72.5	284.47	114.4
2124	72.5	296.63	114.4
2125	72.5	308.79	114.4
2126	72.5	320.95	114.4
2127	72.5	333.11	114.4
2128	72.5	345.26	114.4
2129	72.5	357.42	114.4
2130	72.5	369.58	114.4
2131	84.63	17	114.4
2132	84.63	29.16	114.4
2133	84.63	41.32	114.4
2134	84.63	53.47	114.4
2135	84.63	65.63	114.4
2136	84.63	77.79	114.4
2137	84.63	89.95	114.4
2138	84.63	102.11	114.4
2139	84.63	114.26	114.4
2140	84.63	126.42	114.4
2141	84.63	138.58	114.4
2142	84.63	150.74	114.4
2143	84.63	162.89	114.4
2144	84.63	175.05	114.4
2145	84.63	187.21	114.4
2146	84.63	199.37	114.4
2147	84.63	211.53	114.4
2148	84.63	223.68	114.4
2149	84.63	235.84	114.4
2150	84.63	248	114.4
2151	84.63	260.16	114.4
2152	84.63	272.32	114.4
2153	84.63	284.47	114.4
2154	84.63	296.63	114.4
2155	84.63	308.79	114.4
2156	84.63	320.95	114.4
2157	84.63	333.11	114.4
2158	84.63	345.26	114.4
2159	84.63	357.42	114.4
2160	84.63	369.58	114.4
2161	96.75	17	114.4
2162	96.75	29.16	114.4
2163	96.75	41.32	114.4
2164	96.75	53.47	114.4
2165	96.75	65.63	114.4
2166	96.75	77.79	114.4
2167	96.75	89.95	114.4
2168	96.75	102.11	114.4
2169	96.75	114.26	114.4
2170	96.75	126.42	114.4
2171	96.75	138.58	114.4
2172	96.75	150.74	114.4
2173	96.75	162.89	114.4
2174	96.75	175.05	114.4
2175	96.75	187.21	114.4
2176	96.75	199.37	114.4
2177	96.75	211.53	114.4
2178	96.75	223.68	114.4
2179	96.75	235.84	114.4
2180	96.75	248	114.4
2181	96.75	260.16	114.4
2182	96.75	272.32	114.4
2183	96.75	284.47	114.4
2184	96.75	296.63	114.4
2185	96.75	308.79	114.4
2186	96.75	320.95	114.4
2187	96.75	333.11	114.4
2188	96.75	345.26	114.4
2189	96.75	357.42	114.4
2190	96.75	369.58	114.4
2191	108.88	17	114.4
2192	108.88	29.16	114.4
2193	108.88	41.32	114.4
2194	108.88	53.47	114.4
2195	108.88	65.63	114.4
2196	108.88	77.79	114.4
2197	108.88	89.95	114.4
2198	108.88	102.11	114.4
2199	108.88	114.26	114.4
2200	108.88	126.42	114.4
2201	108.88	138.58	114.4
2202	108.88	150.74	114.4
2203	108.88	162.89	114.4
2204	108.88	175.05	114.4
2205	108.88	187.21	114.4
2206	108.88	199.37	114.4
2207	108.88	211.53	114.4
2208	108.88	223.68	114.4
2209	108.88	235.84	114.4
2210	108.88	248	114.4
2211	108.88	260.16	114.4
2212	108.88	272.32	114.4
2213	108.88	284.47	114.4
2214	108.88	296.63	114.4
2215	108.88	308.79	114.4
2216	108.88	320.95	114.4
2217	108.88	333.11	114.4
2218	108.88	345.26	114.4
2219	108.88	357.42	114.4
2220	108.88	369.58	114.4
2221	121	17	114.4
2222	121	29.16	114.4
2223	121	41.32	114.4
2224	121	53.47	114.4
2225	121	65.63	114.4
2226	121	77.79	114.4
2227	121	89.95	114.4
2228	121	102.11	114.4
2229	121	114.26	114.4
2230	121	126.42	114.4
2231	121	138.58	114.4
2232	121	150.74	114.4
2233	121	162.89	114.4
2234	121	175.05	114.4
2235	121	187.21	114.4
2236	121	199.37	114.4
2237	121	211.53	114.4
2238	121	223.68	114.4
2239	121	235.84	114.4
2240	121	248	114.4
2241	121	260.16	114.4
2242	121	272.32	114.4
2243	121	284.47	114.4
2244	121	296.63	114.4
2245	121	308.79	114.4
2246	121	320.95	114.4
2247	121	333.11	114.4
2248	121	345.26	114.4
2249	121	357.42	114.4
2250	121	369.58	114.4
2251	133.13	17	114.4
2252	133.13	29.16	114.4
2253	133.13	41.32	114.4
2254	133.13	53.47	114.4
2255	133.13	65.63	114.4
2256	133.13	77.79	114.4
2257	133.13	89.95	114.4
2258	133.13	102.11	114.4
2259	133.13	114.26	114.4
2260	133.13	126.42	114.4
2261	133.13	138.58	114.4
2262	133.13	150.74	114.4
2263	133.13	162.89	114.4
2264	133.13	175.05	114.4
2265	133.13	187.21	114.4
2266	133.13	199.37	114.4
2267	133.13	211.53	114.4
2268	133.13	223.68	114.4
2269	133.13	235.84	114.4
2270	133.13	248	114.4
2271	133.13	260.16	114.4
2272	133.13	272.32	114.4
2273	133.13	284.47	114.4
2274	133.13	296.63	114.4
2275	133.13	308.79	114.4
2276	133.13	320.95	114.4
2277	133.13	333.11	114.4
2278	133.13	345.26	114.4
2279	133.13	357.42	114.4
2280	133.13	369.58	114.4
2281	145.25	17	114.4
2282	145.25	29.16	114.4
2283	145.25	41.32	114.4
2284	145.25	53.47	114.4
2285	145.25	65.63	114.4
2286	145.25	77.79	114.4
2287	145.25	89.95	114.4
2288	145.25	102.11	114.4
2289	145.25	114.26	114.4
2290	145.25	126.42	114.4
2291	145.25	138.58	114.4
2292	145.25	150.74	114.4
2293	145.25	162.89	114.4
2294	145.25	175.05	114.4
2295	145.25	187.21	114.4
2296	145.25	199.37	114.4
2297	145.25	211.53	114.4
2298	145.25	223.68	114.4
2299	145.25	235.84	114.4
2300	145.25	248	114.4
2301	145.25	260.16	114.4
2302	145.25	272.32	114.4
2303	145.25	284.47	114.4
2304	145.25	296.63	114.4
2305	145.25	308.79	114.4
2306	145.25	320.95	114.4
2307	145.25	333.11	114.4
2308	145.25	345.26	114.4
2309	145.25	357.42	114.4
2310	145.25	369.58	114.4
2311	157.38	17	114.4
2312	157.38	29.16	114.4
2313	157.38	41.32	114.4
2314	157.38	53.47	114.4
2315	157.38	65.63	114.4
2316	157.38	77.79	114.4
2317	157.38	89.95	114.4
2318	157.38	102.11	114.4
2319	157.38	114.26	114.4
2320	157.38	126.42	114.4
2321	157.38	138.58	114.4
2322	157.38	150.74	114.4
2323	157.38	162.89	114.4
2324	157.38	175.05	114.4
2325	157.38	187.21	114.4
2326	157.38	199.37	114.4
2327	157.38	211.53	114.4
2328	157.38	223.68	114.4
2329	157.38	235.84	114.4
2330	157.38	248	114.4
2331	157.38	260.16	114.4
2332	157.38	272.32	114.4
2333	157.38	284.47	114.4
2334	157.38	296.63	114.4
2335	157.38	308.79	114.4
2336	157.38	320.95	114.4
2337	157.38	333.11	114.4
2338	157.38	345.26	114.4
2339	157.38	357.42	114.4
2340	157.38	369.58	114.4
2341	169.5	17	114.4
2342	169.5	29.16	114.4
2343	169.5	41.32	114.4
2344	169.5	53.47	114.4
2345	169.5	65.63	114.4
2346	169.5	77.79	114.4
2347	169.5	89.95	114.4
2348	169.5	102.11	114.4
2349	169.5	114.26	114.4
2350	169.5	126.42	114.4
2351	169.5	138.58	114.4
2352	169.5	150.74	114.4
2353	169.5	162.89	114.4
2354	169.5	175.05	114.4
2355	169.5	187.21	114.4
2356	169.5	199.37	114.4
2357	169.5	211.53	114.4
2358	169.5	223.68	114.4
2359	169.5	235.84	114.4
2360	169.5	248	114.4
2361	169.5	260.16	114.4
2362	169.5	272.32	114.4
2363	169.5	284.47	114.4
2364	169.5	296.63	114.4
2365	169.5	308.79	114.4
2366	169.5	320.95	114.4
2367	169.5	333.11	114.4
2368	169.5	345.26	114.4
2369	169.5	357.42	114.4
2370	169.5	369.58	114.4
2371	181.63	17	114.4
2372	181.63	29.16	114.4
2373	181.63	41.32	114.4
2374	181.63	53.47	114.4
2375	181.63	65.63	114.4
2376	181.63	77.79	114.4
2377	181.63	89.95	114.4
2378	181.63	102.11	114.4
2379	181.63	114.26	114.4
2380	181.63	126.42	114.4
2381	181.63	138.58	114.4
2382	181.63	150.74	114.4
2383	181.63	162.89	114.4
2384	181.63	175.05	114.4
2385	181.63	187.21	114.4
2386	181.63	199.37	114.4
2387	181.63	211.53	114.4
2388	181.63	223.68	114.4
2389	181.63	235.84	114.4
2390	181.63	248	114.4
2391	181.63	260.16	114.4
2392	181.63	272.32	114.4
2393	181.63	284.47	114.4
2394	181.63	296.63	114.4
2395	181.63	308.79	114.4
2396	181.63	320.95	114.4
2397	181.63	333.11	114.4
2398	181.63	345.26	114.4
2399	181.63	357.42	114.4
2400	181.63	369.58	114.4
2401	193.75	17	114.4
2402	193.75	29.16	114.4
2403	193.75	41.32	114.4
2404	193.75	53.47	114.4
2405	193.75	65.63	114.4
2406	193.75	77.79	114.4
2407	193.75	89.95	114.4
2408	193.75	102.11	114.4
2409	193.75	114.26	114.4
2410	193.75	126.42	114.4
2411	193.75	138.58	114.4
2412	193.75	150.74	114.4
2413	193.75	162.89	114.4
2414	193.75	175.05	114.4
2415	193.75	187.21	114.4
2416	193.75	199.37	114.4
2417	193.75	211.53	114.4
2418	193.75	223.68	114.4
2419	193.75	235.84	114.4
2420	193.75	248	114.4
2421	193.75	260.16	114.4
2422	193.75	272.32	114.4
2423	193.75	284.47	114.4
2424	193.75	296.63	114.4
2425	193.75	308.79	114.4
2426	193.75	320.95	114.4
2427	193.75	333.11	114.4
2428	193.75	345.26	114.4
2429	193.75	357.42	114.4
2430	193.75	369.58	114.4
2431	205.88	17	114.4
2432	205.88	29.16	114.4
2433	205.88	41.32	114.4
2434	205.88	53.47	114.4
2435	205.88	65.63	114.4
2436	205.88	77.79	114.4
2437	205.88	89.95	114.4
2438	205.88	102.11	114.4
2439	205.88	114.26	114.4
2440	205.88	126.42	114.4
2441	205.88	138.58	114.4
2442	205.88	150.74	114.4
2443	205.88	162.89	114.4
2444	205.88	175.05	114.4
2445	205.88	187.21	114.4
2446	205.88	199.37	114.4
2447	205.88	211.53	114.4
2448	205.88	223.68	114.4
2449	205.88	235.84	114.4
2450	205.88	248	114.4
2451	205.88	260.16	114.4
2452	205.88	272.32	114.4
2453	205.88	284.47	114.4
2454	205.88	296.63	114.4
2455	205.88	308.79	114.4
2456	205.88	320.95	114.4
2457	205.88	333.11	114.4
2458	205.88	345.26	114.4
2459	205.88	357.42	114.4
2460	205.88	369.58	114.4
2461	218	17	114.4
2462	218	29.16	114.4
2463	218	41.32	114.4
2464	218	53.47	114.4
2465	218	65.63	114.4
2466	218	77.79	114.4
2467	218	89.95	114.4
2468	218	102.11	114.4
2469	218	114.26	114.4
2470	218	126.42	114.4
2471	218	138.58	114.4
2472	218	150.74	114.4
2473	218	162.89	114.4
2474	218	175.05	114.4
2475	218	187.21	114.4
2476	218	199.37	114.4
2477	218	211.53	114.4
2478	218	223.68	114.4
2479	218	235.84	114.4
2480	218	248	114.4
2481	218	260.16	114.4
2482	218	272.32	114.4
2483	218	284.47	114.4
2484	218	296.63	114.4
2485	218	308.79	114.4
2486	218	320.95	114.4
2487	218	333.11	114.4
2488	218	345.26	114.4
2489	218	357.42	114.4
2490	218	369.58	114.4
2491	230.13	17	114.4
2492	230.13	29.16	114.4
2493	230.13	41.32	114.4
2494	230.13	53.47	114.4
2495	230.13	65.63	114.4
2496	230.13	77.79	114.4
2497	230.13	89.95	114.4
2498	230.13	102.11	114.4
2499	230.13	114.26	114.4
2500	230.13	126.42	114.4
2501	230.13	138.58	114.4
2502	230.13	150.74	114.4
2503	230.13	162.89	114.4
2504	230.13	175.05	114.4
2505	230.13	187.21	114.4
2506	230.13	199.37	114.4
2507	230.13	211.53	114.4
2508	230.13	223.68	114.4
2509	230.13	235.84	114.4
2510	230.13	248	114.4
2511	230.13	260.16	114.4
2512	230.13	272.32	114.4
2513	230.13	284.47	114.4
2514	230.13	296.63	114.4
2515	230.13	308.79	114.4
2516	230.13	320.95	114.4
2517	230.13	333.11	114.4
2518	230.13	345.26	114.4
2519	230.13	357.42	114.4
2520	230.13	369.58	114.4
2521	242.25	17	114.4
2522	242.25	29.16	114.4
2523	242.25	41.32	114.4
2524	242.25	53.47	114.4
2525	242.25	65.63	114.4
2526	242.25	77.79	114.4
2527	242.25	89.95	114.4
2528	242.25	102.11	114.4
2529	242.25	114.26	114.4
2530	242.25	126.42	114.4
2531	242.25	138.58	114.4
2532	242.25	150.74	114.4
2533	242.25	162.89	114.4
2534	242.25	175.05	114.4
2535	242.25	187.21	114.4
2536	242.25	199.37	114.4
2537	242.25	211.53	114.4
2538	242.25	223.68	114.4
2539	242.25	235.84	114.4
2540	242.25	248	114.4
2541	242.25	260.16	114.4
2542	242.25	272.32	114.4
2543	242.25	284.47	114.4
2544	242.25	296.63	114.4
2545	242.25	308.79	114.4
2546	242.25	320.95	114.4
2547	242.25	333.11	114.4
2548	242.25	345.26	114.4
2549	242.25	357.42	114.4
2550	242.25	369.58	114.4
2551	254.38	17	114.4
2552	254.38	29.16	114.4
2553	254.38	41.32	114.4
2554	254.38	53.47	114.4
2555	254.38	65.63	114.4
2556	254.38	77.79	114.4
2557	254.38	89.95	114.4
2558	254.38	102.11	114.4
2559	254.38	114.26	114.4
2560	254.38	126.42	114.4
2561	254.38	138.58	114.4
2562	254.38	150.74	114.4
2563	254.38	162.89	114.4
2564	254.38	175.05	114.4
2565	254.38	187.21	114.4
2566	254.38	199.37	114.4
2567	254.38	211.53	114.4
2568	254.38	223.68	114.4
2569	254.38	235.84	114.4
2570	254.38	248	114.4
2571	254.38	260.16	114.4
2572	254.38	272.32	114.4
2573	254.38	284.47	114.4
2574	254.38	296.63	114.4
2575	254.38	308.79	114.4
2576	254.38	320.95	114.4
2577	254.38	333.11	114.4
2578	254.38	345.26	114.4
2579	254.38	357.42	114.4
2580	254.38	369.58	114.4
2581	266.5	17	114.4
2582	266.5	29.16	114.4
2583	266.5	41.32	114.4
2584	266.5	53.47	114.4
2585	266.5	65.63	114.4
2586	266.5	77.79	114.4
2587	266.5	89.95	114.4
2588	266.5	102.11	114.4
2589	266.5	114.26	114.4
2590	266.5	126.42	114.4
2591	266.5	138.58	114.4
2592	266.5	150.74	114.4
2593	266.5	162.89	114.4
2594	266.5	175.05	114.4
2595	266.5	187.21	114.4
2596	266.5	199.37	114.4
2597	266.5	211.53	114.4
2598	266.5	223.68	114.4
2599	266.5	235.84	114.4
2600	266.5	248	114.4
2601	266.5	260.16	114.4
2602	266.5	272.32	114.4
2603	266.5	284.47	114.4
2604	266.5	296.63	114.4
2605	266.5	308.79	114.4
2606	266.5	320.95	114.4
2607	266.5	333.11	114.4
2608	266.5	345.26	114.4
2609	266.5	357.42	114.4
2610	266.5	369.58	114.4
2611	278.63	17	114.4
2612	278.63	29.16	114.4
2613	278.63	41.32	114.4
2614	278.63	53.47	114.4
2615	278.63	65.63	114.4
2616	278.63	77.79	114.4
2617	278.63	89.95	114.4
2618	278.63	102.11	114.4
2619	278.63	114.26	114.4
2620	278.63	126.42	114.4
2621	278.63	138.58	114.4
2622	278.63	150.74	114.4
2623	278.63	162.89	114.4
2624	278.63	175.05	114.4
2625	278.63	187.21	114.4
2626	278.63	199.37	114.4
2627	278.63	211.53	114.4
2628	278.63	223.68	114.4
2629	278.63	235.84	114.4
2630	278.63	248	114.4
2631	278.63	260.16	114.4
2632	278.63	272.32	114.4
2633	278.63	284.47	114.4
2634	278.63	296.63	114.4
2635	278.63	308.79	114.4
2636	278.63	320.95	114.4
2637	278.63	333.11	114.4
2638	278.63	345.26	114.4
2639	278.63	357.42	114.4
2640	278.63	369.58	114.4

