660
1981     24.000     17.000    114.400   0    1981 -1.53337 -0.99129    -999  0.00000  0.00000    -999  0.00000  0.00000    
1982     24.000     29.160    114.400   0    1982 -1.53362 -0.90851    -999  0.00000  0.00000    1982 -0.81466 -1.12289    
1983     24.000     41.320    114.400   0    1983 -1.53484 -0.82489    -999  0.00000  0.00000    1983 -0.81795 -1.06273    
1984     24.000     53.470    114.400   0    1984 -1.53577 -0.74286    -999  0.00000  0.00000    1984 -0.82059 -1.00115    
1985     24.000     65.630    114.400   0    1985 -1.53643 -0.65960    -999  0.00000  0.00000    1985 -0.82338 -0.93897    
1986     24.000     77.790    114.400   0    1986 -1.53781 -0.57620    -999  0.00000  0.00000    1986 -0.82666 -0.87765    
1987     24.000     89.950    114.400   0    1987 -1.53914 -0.49335    1987 -1.39831 -0.98472    1987 -0.82977 -0.81351    
1988     24.000    102.110    114.400   0    1988 -1.53982 -0.41026    1988 -1.39680 -0.87546    1988 -0.83264 -0.74972    
1989     24.000    114.260    114.400   0    1989 -1.54054 -0.32652    1989 -1.39481 -0.76761    1989 -0.83595 -0.68638    
1990     24.000    126.420    114.400   0    1990 -1.54116 -0.24392    1990 -1.39274 -0.65981    1990 -0.83856 -0.62176    
1991     24.000    138.580    114.400   0    1991 -1.54226 -0.16043    1991 -1.39164 -0.55317    1991 -0.84245 -0.55671    
1992     24.000    150.740    114.400   0    1992 -1.54263 -0.07735    1992 -1.38957 -0.44735    1992 -0.84546 -0.49191    
1993     24.000    162.890    114.400   0    1993 -1.54369  0.00527    1993 -1.38720 -0.34207    1993 -0.84844 -0.42658    
1994     24.000    175.050    114.400   0    1994 -1.54433  0.08941    1994 -1.38523 -0.23873    1994 -0.85173 -0.35970    
1995     24.000    187.210    114.400   0    1995 -1.54474  0.17267    1995 -1.38436 -0.13523    1995 -0.85546 -0.29263    
1996     24.000    199.370    114.400   0    1996 -1.54534  0.25581    1996 -1.38309 -0.03364    1996 -0.85850 -0.22499    
1997     24.000    211.530    114.400   0    1997 -1.54584  0.33959    1997 -1.38135  0.06703    1997 -0.86131 -0.15701    
1998     24.000    223.680    114.400   0    1998 -1.54651  0.42273    1998 -1.37921  0.16853    1998 -0.86525 -0.08852    
1999     24.000    235.840    114.400   0    1999 -1.54713  0.50594    1999 -1.37750  0.26774    1999 -0.86840 -0.01976    
2000     24.000    248.000    114.400   0    2000 -1.54785  0.58997    2000 -1.37622  0.36620    2000 -0.87257  0.04994    
2001     24.000    260.160    114.400   0    2001 -1.54851  0.67328    2001 -1.37475  0.46409    2001 -0.87569  0.12063    
2002     24.000    272.320    114.400   0    2002 -1.54863  0.75708    2002 -1.37344  0.56099    2002 -0.87921  0.19108    
2003     24.000    284.470    114.400   0    2003 -1.54889  0.84054    2003 -1.37113  0.65744    2003 -0.88285  0.26323    
2004     24.000    296.630    114.400   0    2004 -1.54948  0.92389    2004 -1.37050  0.75255    2004 -0.88651  0.33517    
2005     24.000    308.790    114.400   0    2005 -1.54993  1.00764    2005 -1.36912  0.84715    2005 -0.89039  0.40677    
2006     24.000    320.950    114.400   0    2006 -1.55014  1.09104    2006 -1.36701  0.94142    2006 -0.89374  0.48019    
2007     24.000    333.110    114.400   0    -999  0.00000  0.00000    2007 -1.36599  1.03460    2007 -0.89818  0.55382    
2008     24.000    345.260    114.400   0    -999  0.00000  0.00000    2008 -1.36550  1.12664    2008 -0.90076  0.62864    
2009     24.000    357.420    114.400   0    -999  0.00000  0.00000    -999  0.00000  0.00000    2009 -0.90503  0.70342    
2010     24.000    369.580    114.400   0    -999  0.00000  0.00000    -999  0.00000  0.00000    2010 -0.90903  0.77875    
2011     36.130     17.000    114.400   0    2011 -1.45017 -0.99046    -999  0.00000  0.00000    -999  0.00000  0.00000    
2012     36.130     29.160    114.400   0    2012 -1.45155 -0.90726    -999  0.00000  0.00000    2012 -0.74354 -1.12425    
2013     36.130     41.320    114.400   0    2013 -1.45179 -0.82431    -999  0.00000  0.00000    2013 -0.74653 -1.06318    
2014     36.130     53.470    114.400   0    2014 -1.45315 -0.74153    -999  0.00000  0.00000    2014 -0.74892 -1.00205    
2015     36.130     65.630    114.400   0    2015 -1.45398 -0.65899    -999  0.00000  0.00000    2015 -0.75177 -0.93912    
2016     36.130     77.790    114.400   0    2016 -1.45525 -0.57578    -999  0.00000  0.00000    2016 -0.75352 -0.87723    
2017     36.130     89.950    114.400   0    2017 -1.45589 -0.49274    2017 -1.28522 -0.98324    2017 -0.75688 -0.81466    
2018     36.130    102.110    114.400   0    2018 -1.45657 -0.40948    2018 -1.28403 -0.87377    2018 -0.75978 -0.75157    
2019     36.130    114.260    114.400   0    2019 -1.45756 -0.32622    2019 -1.28255 -0.76579    2019 -0.76258 -0.68700    
2020     36.130    126.420    114.400   0    2020 -1.45831 -0.24336    2020 -1.28109 -0.65823    2020 -0.76511 -0.62289    
2021     36.130    138.580    114.400   0    2021 -1.45920 -0.16021    2021 -1.27943 -0.55215    2021 -0.76819 -0.55720    
2022     36.130    150.740    114.400   0    2022 -1.45944 -0.07659    2022 -1.27833 -0.44665    2022 -0.77144 -0.49223    
2023     36.130    162.890    114.400   0    2023 -1.46014  0.00597    2023 -1.27793 -0.34144    2023 -0.77439 -0.42676    
2024     36.130    175.050    114.400   0    2024 -1.46054  0.08984    2024 -1.27629 -0.23782    2024 -0.77700 -0.35992    
2025     36.130    187.210    114.400   0    2025 -1.46135  0.17291    2025 -1.27519 -0.13479    2025 -0.78054 -0.29395    
2026     36.130    199.370    114.400   0    2026 -1.46166  0.25603    2026 -1.27384 -0.03308    2026 -0.78418 -0.22646    
2027     36.130    211.530    114.400   0    2027 -1.46257  0.34049    2027 -1.27322  0.06762    2027 -0.78673 -0.15825    
2028     36.130    223.680    114.400   0    2028 -1.46342  0.42349    2028 -1.27104  0.16819    2028 -0.79017 -0.08896    
2029     36.130    235.840    114.400   0    2029 -1.46416  0.50671    2029 -1.27025  0.26734    2029 -0.79300 -0.02014    
2030     36.130    248.000    114.400   0    2030 -1.46487  0.58982    2030 -1.26971  0.36578    2030 -0.79561  0.04938    
2031     36.130    260.160    114.400   0    2031 -1.46511  0.67340    2031 -1.26860  0.46391    2031 -0.79884  0.11932    
2032     36.130    272.320    114.400   0    2032 -1.46534  0.75732    2032 -1.26751  0.56062    2032 -0.80226  0.18993    
2033     36.130    284.470    114.400   0    2033 -1.46548  0.84058    2033 -1.26585  0.65640    2033 -0.80532  0.26182    
2034     36.130    296.630    114.400   0    2034 -1.46601  0.92414    2034 -1.26505  0.75204    2034 -0.80859  0.33396    
2035     36.130    308.790    114.400   0    2035 -1.46614  1.00769    2035 -1.26406  0.84603    2035 -0.81281  0.40665    
2036     36.130    320.950    114.400   0    2036 -1.46670  1.09109    2036 -1.26361  0.94040    2036 -0.81554  0.48010    
2037     36.130    333.110    114.400   0    -999  0.00000  0.00000    2037 -1.26163  1.03353    2037 -0.81912  0.55300    
2038     36.130    345.260    114.400   0    -999  0.00000  0.00000    2038 -1.26095  1.12557    2038 -0.82226  0.62762    
2039     36.130    357.420    114.400   0    -999  0.00000  0.00000    -999  0.00000  0.00000    2039 -0.82589  0.70276    
2040     36.130    369.580    114.400   0    -999  0.00000  0.00000    -999  0.00000  0.00000    2040 -0.82975  0.77858    
2041     48.250     17.000    114.400   0    2041 -1.36731 -0.99002    -999  0.00000  0.00000    -999  0.00000  0.00000    
2042     48.250     29.160    114.400   0    2042 -1.36823 -0.90683    -999  0.00000  0.00000    2042 -0.67239 -1.12539    
2043     48.250     41.320    114.400   0    2043 -1.36910 -0.82458    -999  0.00000  0.00000    2043 -0.67446 -1.06435    
2044     48.250     53.470    114.400   0    2044 -1.37037 -0.74133    -999  0.00000  0.00000    2044 -0.67694 -1.00251    
2045     48.250     65.630    114.400   0    2045 -1.37061 -0.65842    -999  0.00000  0.00000    2045 -0.67972 -0.94060    
2046     48.250     77.790    114.400   0    2046 -1.37137 -0.57507    -999  0.00000  0.00000    2046 -0.68171 -0.87802    
2047     48.250     89.950    114.400   0    2047 -1.37269 -0.49264    2047 -1.17280 -0.98162    2047 -0.68417 -0.81534    
2048     48.250    102.110    114.400   0    2048 -1.37295 -0.40959    2048 -1.17199 -0.87235    2048 -0.68684 -0.75170    
2049     48.250    114.260    114.400   0    2049 -1.37376 -0.32622    2049 -1.17055 -0.76408    2049 -0.68955 -0.68768    
2050     48.250    126.420    114.400   0    2050 -1.37477 -0.24325    2050 -1.17011 -0.65730    2050 -0.69180 -0.62361    
2051     48.250    138.580    114.400   0    2051 -1.37582 -0.16011    2051 -1.16952 -0.54999    2051 -0.69514 -0.55882    
2052     48.250    150.740    114.400   0    2052 -1.37655 -0.07589    2052 -1.16830 -0.44626    2052 -0.69738 -0.49385    
2053     48.250    162.890    114.400   0    2053 -1.37653  0.00695    2053 -1.16806 -0.34102    2053 -0.69968 -0.42696    
2054     48.250    175.050    114.400   0    2054 -1.37808  0.08990    2054 -1.16702 -0.23759    2054 -0.70309 -0.36131    
2055     48.250    187.210    114.400   0    2055 -1.37870  0.17357    2055 -1.16615 -0.13451    2055 -0.70522 -0.29436    
2056     48.250    199.370    114.400   0    2056 -1.37890  0.25644    2056 -1.16487 -0.03264    2056 -0.70837 -0.22666    
2057     48.250    211.530    114.400   0    2057 -1.37946  0.34025    2057 -1.16424  0.06815    2057 -0.71148 -0.15887    
2058     48.250    223.680    114.400   0    2058 -1.37957  0.42363    2058 -1.16406  0.16860    2058 -0.71401 -0.08968    
2059     48.250    235.840    114.400   0    2059 -1.38085  0.50655    2059 -1.16372  0.26682    2059 -0.71616 -0.02140    
2060     48.250    248.000    114.400   0    2060 -1.38113  0.59072    2060 -1.16253  0.36559    2060 -0.71969  0.04837    
2061     48.250    260.160    114.400   0    2061 -1.38177  0.67360    2061 -1.16251  0.46352    2061 -0.72312  0.11913    
2062     48.250    272.320    114.400   0    2062 -1.38236  0.75780    2062 -1.16097  0.55985    2062 -0.72567  0.18964    
2063     48.250    284.470    114.400   0    2063 -1.38310  0.84122    2063 -1.16078  0.65557    2063 -0.72827  0.26085    
2064     48.250    296.630    114.400   0    2064 -1.38328  0.92443    2064 -1.15996  0.75068    2064 -0.73143  0.33337    
2065     48.250    308.790    114.400   0    2065 -1.38344  1.00838    2065 -1.15981  0.84522    2065 -0.73422  0.40617    
2066     48.250    320.950    114.400   0    2066 -1.38417  1.09112    2066 -1.15876  0.93887    2066 -0.73769  0.47899    
2067     48.250    333.110    114.400   0    -999  0.00000  0.00000    2067 -1.15818  1.03147    2067 -0.74060  0.55222    
2068     48.250    345.260    114.400   0    -999  0.00000  0.00000    2068 -1.15763  1.12428    2068 -0.74352  0.62724    
2069     48.250    357.420    114.400   0    -999  0.00000  0.00000    -999  0.00000  0.00000    2069 -0.74708  0.70182    
2070     48.250    369.580    114.400   0    -999  0.00000  0.00000    -999  0.00000  0.00000    2070 -0.75022  0.77800    
2071     60.380     17.000    114.400   0    2071 -1.28381 -0.98951    -999  0.00000  0.00000    -999  0.00000  0.00000    
2072     60.380     29.160    114.400   0    2072 -1.28473 -0.90679    -999  0.00000  0.00000    2072 -0.60139 -1.12671    
2073     60.380     41.320    114.400   0    2073 -1.28563 -0.82378    -999  0.00000  0.00000    2073 -0.60305 -1.06491    
2074     60.380     53.470    114.400   0    2074 -1.28693 -0.74080    -999  0.00000  0.00000    2074 -0.60506 -1.00325    
2075     60.380     65.630    114.400   0    2075 -1.28747 -0.65793    -999  0.00000  0.00000    2075 -0.60715 -0.94185    
2076     60.380     77.790    114.400   0    2076 -1.28900 -0.57508    -999  0.00000  0.00000    2076 -0.60974 -0.87897    
2077     60.380     89.950    114.400   0    2077 -1.28926 -0.49234    2077 -1.06081 -0.97920    2077 -0.61206 -0.81589    
2078     60.380    102.110    114.400   0    2078 -1.29042 -0.40853    2078 -1.06014 -0.86996    2078 -0.61468 -0.75316    
2079     60.380    114.260    114.400   0    2079 -1.29109 -0.32555    2079 -1.05958 -0.76286    2079 -0.61680 -0.68957    
2080     60.380    126.420    114.400   0    2080 -1.29171 -0.24261    2080 -1.05930 -0.65460    2080 -0.61883 -0.62539    
2081     60.380    138.580    114.400   0    2081 -1.29223 -0.15979    2081 -1.05878 -0.54895    2081 -0.62107 -0.55958    
2082     60.380    150.740    114.400   0    2082 -1.29298 -0.07589    2082 -1.05850 -0.44431    2082 -0.62359 -0.49407    
2083     60.380    162.890    114.400   0    2083 -1.29365  0.00720    2083 -1.05819 -0.34057    2083 -0.62592 -0.42821    
2084     60.380    175.050    114.400   0    2084 -1.29451  0.09096    2084 -1.05816 -0.23608    2084 -0.62780 -0.36187    
2085     60.380    187.210    114.400   0    2085 -1.29473  0.17353    2085 -1.05808 -0.13412    2085 -0.63085 -0.29521    
2086     60.380    199.370    114.400   0    2086 -1.29566  0.25669    2086 -1.05785 -0.03187    2086 -0.63339 -0.22777    
2087     60.380    211.530    114.400   0    2087 -1.29635  0.34072    2087 -1.05762  0.06811    2087 -0.63615 -0.15937    
2088     60.380    223.680    114.400   0    2088 -1.29697  0.42354    2088 -1.05687  0.16811    2088 -0.63826 -0.09131    
2089     60.380    235.840    114.400   0    2089 -1.29753  0.50670    2089 -1.05680  0.26773    2089 -0.64081 -0.02199    
2090     60.380    248.000    114.400   0    2090 -1.29823  0.59100    2090 -1.05606  0.36581    2090 -0.64314  0.04756    
2091     60.380    260.160    114.400   0    2091 -1.29808  0.67383    2091 -1.05577  0.46288    2091 -0.64543  0.11816    
2092     60.380    272.320    114.400   0    2092 -1.29872  0.75753    2092 -1.05532  0.55913    2092 -0.64777  0.18902    
2093     60.380    284.470    114.400   0    2093 -1.29924  0.84146    2093 -1.05513  0.65551    2093 -0.65172  0.25971    
2094     60.380    296.630    114.400   0    2094 -1.29965  0.92497    2094 -1.05523  0.75051    2094 -0.65348  0.33220    
2095     60.380    308.790    114.400   0    2095 -1.30012  1.00877    2095 -1.05502  0.84469    2095 -0.65697  0.40453    
2096     60.380    320.950    114.400   0    2096 -1.30079  1.09232    2096 -1.05544  0.93794    2096 -0.65945  0.47805    
2097     60.380    333.110    114.400   0    -999  0.00000  0.00000    2097 -1.05553  1.03059    2097 -0.66251  0.55146    
2098     60.380    345.260    114.400   0    -999  0.00000  0.00000    2098 -1.05504  1.12246    2098 -0.66509  0.62641    
2099     60.380    357.420    114.400   0    -999  0.00000  0.00000    -999  0.00000  0.00000    2099 -0.66753  0.70102    
2100     60.380    369.580    114.400   0    -999  0.00000  0.00000    -999  0.00000  0.00000    2100 -0.67097  0.77733    
2101     72.500     17.000    114.400   0    2101 -1.20113 -0.98885    -999  0.00000  0.00000    -999  0.00000  0.00000    
2102     72.500     29.160    114.400   0    2102 -1.20145 -0.90639    -999  0.00000  0.00000    2102 -0.52996 -1.12710    
2103     72.500     41.320    114.400   0    2103 -1.20304 -0.82336    -999  0.00000  0.00000    2103 -0.53138 -1.06688    
2104     72.500     53.470    114.400   0    2104 -1.20370 -0.74049    -999  0.00000  0.00000    2104 -0.53408 -1.00516    
2105     72.500     65.630    114.400   0    2105 -1.20471 -0.65745    -999  0.00000  0.00000    2105 -0.53540 -0.94314    
2106     72.500     77.790    114.400   0    2106 -1.20544 -0.57423    -999  0.00000  0.00000    2106 -0.53719 -0.87996    
2107     72.500     89.950    114.400   0    2107 -1.20631 -0.49166    2107 -0.94816 -0.97705    2107 -0.53977 -0.81745    
2108     72.500    102.110    114.400   0    2108 -1.20665 -0.40844    2108 -0.94824 -0.86886    2108 -0.54122 -0.75318    
2109     72.500    114.260    114.400   0    2109 -1.20782 -0.32508    2109 -0.94846 -0.76062    2109 -0.54311 -0.68974    
2110     72.500    126.420    114.400   0    2110 -1.20931 -0.24194    2110 -0.94832 -0.65358    2110 -0.54565 -0.62522    
2111     72.500    138.580    114.400   0    2111 -1.20963 -0.15862    2111 -0.94877 -0.54825    2111 -0.54739 -0.56065    
2112     72.500    150.740    114.400   0    2112 -1.21007 -0.07513    2112 -0.94885 -0.44301    2112 -0.54943 -0.49475    
2113     72.500    162.890    114.400   0    2113 -1.21036  0.00817    2113 -0.94880 -0.33943    2113 -0.55124 -0.42988    
2114     72.500    175.050    114.400   0    2114 -1.21165  0.09071    2114 -0.94867 -0.23581    2114 -0.55378 -0.36251    
2115     72.500    187.210    114.400   0    2115 -1.21176  0.17415    2115 -0.94903 -0.13350    2115 -0.55597 -0.29635    
2116     72.500    199.370    114.400   0    2116 -1.21243  0.25756    2116 -0.94886 -0.03158    2116 -0.55781 -0.22881    
2117     72.500    211.530    114.400   0    2117 -1.21297  0.34090    2117 -0.94940  0.06876    2117 -0.56034 -0.16093    
2118     72.500    223.680    114.400   0    2118 -1.21334  0.42446    2118 -0.94945  0.16858    2118 -0.56293 -0.09210    
2119     72.500    235.840    114.400   0    2119 -1.21463  0.50728    2119 -0.94986  0.26791    2119 -0.56560 -0.02289    
2120     72.500    248.000    114.400   0    2120 -1.21503  0.59130    2120 -0.95039  0.36571    2120 -0.56612  0.04709    
2121     72.500    260.160    114.400   0    2121 -1.21575  0.67438    2121 -0.94999  0.46232    2121 -0.56957  0.11723    
2122     72.500    272.320    114.400   0    2122 -1.21574  0.75769    2122 -0.95019  0.55912    2122 -0.57150  0.18823    
2123     72.500    284.470    114.400   0    2123 -1.21612  0.84165    2123 -0.95043  0.65494    2123 -0.57386  0.25911    
2124     72.500    296.630    114.400   0    2124 -1.21662  0.92548    2124 -0.95181  0.74946    2124 -0.57649  0.33130    
2125     72.500    308.790    114.400   0    2125 -1.21681  1.00896    2125 -0.95168  0.84434    2125 -0.57893  0.40399    
2126     72.500    320.950    114.400   0    2126 -1.21770  1.09217    2126 -0.95170  0.93721    2126 -0.58184  0.47619    
2127     72.500    333.110    114.400   0    -999  0.00000  0.00000    2127 -0.95251  1.03008    2127 -0.58386  0.55091    
2128     72.500    345.260    114.400   0    -999  0.00000  0.00000    2128 -0.95248  1.12184    2128 -0.58635  0.62526    
2129     72.500    357.420    114.400   0    -999  0.00000  0.00000    -999  0.00000  0.00000    2129 -0.58839  0.70010    
2130     72.500    369.580    114.400   0    -999  0.00000  0.00000    -999  0.00000  0.00000    2130 -0.59127  0.77587    
2131     84.630     17.000    114.400   0    2131 -1.11834 -0.98870    -999  0.00000  0.00000    -999  0.00000  0.00000    
2132     84.630     29.160    114.400   0    2132 -1.11903 -0.90594    -999  0.00000  0.00000    2132 -0.45820 -1.12816    
2133     84.630     41.320    114.400   0    2133 -1.11950 -0.82268    -999  0.00000  0.00000    2133 -0.46046 -1.06714    
2134     84.630     53.470    114.400   0    2134 -1.12085 -0.73988    -999  0.00000  0.00000    2134 -0.46150 -1.00585    
2135     84.630     65.630    114.400   0    2135 -1.12143 -0.65680    -999  0.00000  0.00000    2135 -0.46370 -0.94372    
2136     84.630     77.790    114.400   0    2136 -1.12217 -0.57404    -999  0.00000  0.00000    2136 -0.46501 -0.88079    
2137     84.630     89.950    114.400   0    2137 -1.12336 -0.49111    2137 -0.83662 -0.97475    2137 -0.46643 -0.81840    
2138     84.630    102.110    114.400   0    2138 -1.12409 -0.40807    2138 -0.83752 -0.86679    2138 -0.46881 -0.75471    
2139     84.630    114.260    114.400   0    2139 -1.12519 -0.32487    2139 -0.83793 -0.75886    2139 -0.47057 -0.69104    
2140     84.630    126.420    114.400   0    2140 -1.12571 -0.24166    2140 -0.83844 -0.65286    2140 -0.47145 -0.62657    
2141     84.630    138.580    114.400   0    2141 -1.12628 -0.15853    2141 -0.83878 -0.54715    2141 -0.47344 -0.56142    
2142     84.630    150.740    114.400   0    2142 -1.12684 -0.07509    2142 -0.83952 -0.44205    2142 -0.47524 -0.49697    
2143     84.630    162.890    114.400   0    2143 -1.12723  0.00829    2143 -0.84056 -0.33846    2143 -0.47713 -0.43017    
2144     84.630    175.050    114.400   0    2144 -1.12841  0.09119    2144 -0.84159 -0.23482    2144 -0.47909 -0.36460    
2145     84.630    187.210    114.400   0    2145 -1.12888  0.17430    2145 -0.84142 -0.13295    2145 -0.48072 -0.29695    
2146     84.630    199.370    114.400   0    2146 -1.12893  0.25794    2146 -0.84204 -0.03192    2146 -0.48255 -0.22941    
2147     84.630    211.530    114.400   0    2147 -1.12940  0.34150    2147 -0.84262  0.06875    2147 -0.48507 -0.16217    
2148     84.630    223.680    114.400   0    2148 -1.13031  0.42452    2148 -0.84287  0.16899    2148 -0.48685 -0.09296    
2149     84.630    235.840    114.400   0    2149 -1.13077  0.50781    2149 -0.84338  0.26776    2149 -0.48807 -0.02392    
2150     84.630    248.000    114.400   0    2150 -1.13147  0.59168    2150 -0.84415  0.36523    2150 -0.49054  0.04562    
2151     84.630    260.160    114.400   0    2151 -1.13156  0.67466    2151 -0.84490  0.46214    2151 -0.49277  0.11603    
2152     84.630    272.320    114.400   0    2152 -1.13176  0.75780    2152 -0.84626  0.55880    2152 -0.49433  0.18682    
2153     84.630    284.470    114.400   0    2153 -1.13233  0.84212    2153 -0.84645  0.65474    2153 -0.49638  0.25810    
2154     84.630    296.630    114.400   0    2154 -1.13326  0.92543    2154 -0.84747  0.74913    2154 -0.49903  0.33062    
2155     84.630    308.790    114.400   0    2155 -1.13371  1.00941    2155 -0.84759  0.84351    2155 -0.50062  0.40289    
2156     84.630    320.950    114.400   0    2156 -1.13399  1.09300    2156 -0.84865  0.93665    2156 -0.50311  0.47583    
2157     84.630    333.110    114.400   0    -999  0.00000  0.00000    2157 -0.84899  1.02936    2157 -0.50555  0.55033    
2158     84.630    345.260    114.400   0    -999  0.00000  0.00000    2158 -0.84981  1.12097    2158 -0.50765  0.62437    
2159     84.630    357.420    114.400   0    -999  0.00000  0.00000    -999  0.00000  0.00000    2159 -0.50923  0.69928    
2160     84.630    369.580    114.400   0    -999  0.00000  0.00000    -999  0.00000  0.00000    2160 -0.51197  0.77569    
2161     96.750     17.000    114.400   0    2161 -1.03484 -0.98792    -999  0.00000  0.00000    -999  0.00000  0.00000    
2162     96.750     29.160    114.400   0    2162 -1.03583 -0.90541    -999  0.00000  0.00000    2162 -0.38717 -1.12870    
2163     96.750     41.320    114.400   0    2163 -1.03709 -0.82247    -999  0.00000  0.00000    2163 -0.38837 -1.06722    
2164     96.750     53.470    114.400   0    2164 -1.03821 -0.73913    -999  0.00000  0.00000    2164 -0.38995 -1.00667    
2165     96.750     65.630    114.400   0    2165 -1.03851 -0.65615    -999  0.00000  0.00000    2165 -0.39110 -0.94431    
2166     96.750     77.790    114.400   0    2166 -1.04017 -0.57400    -999  0.00000  0.00000    2166 -0.39273 -0.88215    
2167     96.750     89.950    114.400   0    2167 -1.04057 -0.49044    2167 -0.72472 -0.97348    2167 -0.39421 -0.81897    
2168     96.750    102.110    114.400   0    2168 -1.04075 -0.40731    2168 -0.72617 -0.86454    2168 -0.39483 -0.75552    
2169     96.750    114.260    114.400   0    2169 -1.04131 -0.32350    2169 -0.72732 -0.75696    2169 -0.39672 -0.69155    
2170     96.750    126.420    114.400   0    2170 -1.04168 -0.24199    2170 -0.72813 -0.65066    2170 -0.39911 -0.62788    
2171     96.750    138.580    114.400   0    2171 -1.04276 -0.15826    2171 -0.72898 -0.54560    2171 -0.40027 -0.56252    
2172     96.750    150.740    114.400   0    2172 -1.04317 -0.07471    2172 -0.72983 -0.44119    2172 -0.40155 -0.49679    
2173     96.750    162.890    114.400   0    2173 -1.04417  0.00886    2173 -0.73165 -0.33738    2173 -0.40323 -0.43148    
2174     96.750    175.050    114.400   0    2174 -1.04446  0.09172    2174 -0.73255 -0.23490    2174 -0.40445 -0.36506    
2175     96.750    187.210    114.400   0    2175 -1.04519  0.17492    2175 -0.73377 -0.13244    2175 -0.40641 -0.29818    
2176     96.750    199.370    114.400   0    2176 -1.04631  0.25870    2176 -0.73443 -0.03086    2176 -0.40757 -0.23058    
2177     96.750    211.530    114.400   0    2177 -1.04659  0.34196    2177 -0.73636  0.06955    2177 -0.40934 -0.16240    
2178     96.750    223.680    114.400   0    2178 -1.04731  0.42479    2178 -0.73703  0.16892    2178 -0.41093 -0.09370    
2179     96.750    235.840    114.400   0    2179 -1.04753  0.50870    2179 -0.73780  0.26773    2179 -0.41285 -0.02530    
2180     96.750    248.000    114.400   0    2180 -1.04794  0.59171    2180 -0.73922  0.36561    2180 -0.41491  0.04470    
2181     96.750    260.160    114.400   0    2181 -1.04852  0.67535    2181 -0.74029  0.46204    2181 -0.41577  0.11484    
2182     96.750    272.320    114.400   0    2182 -1.04872  0.75872    2182 -0.74120  0.55818    2182 -0.41839  0.18626    
2183     96.750    284.470    114.400   0    2183 -1.04961  0.84235    2183 -0.74223  0.65388    2183 -0.41910  0.25741    
2184     96.750    296.630    114.400   0    2184 -1.05017  0.92559    2184 -0.74333  0.74862    2184 -0.42059  0.32942    
2185     96.750    308.790    114.400   0    2185 -1.05055  1.00934    2185 -0.74490  0.84239    2185 -0.42328  0.40252    
2186     96.750    320.950    114.400   0    2186 -1.05065  1.09303    2186 -0.74551  0.93578    2186 -0.42496  0.47510    
2187     96.750    333.110    114.400   0    -999  0.00000  0.00000    2187 -0.74683  1.02808    2187 -0.42728  0.54937    
2188     96.750    345.260    114.400   0    -999  0.00000  0.00000    2188 -0.74797  1.11949    2188 -0.42856  0.62346    
2189     96.750    357.420    114.400   0    -999  0.00000  0.00000    -999  0.00000  0.00000    2189 -0.43032  0.69855    
2190     96.750    369.580    114.400   0    -999  0.00000  0.00000    -999  0.00000  0.00000    2190 -0.43264  0.77526    
2191    108.880     17.000    114.400   0    2191 -0.95197 -0.98776    -999  0.00000  0.00000    -999  0.00000  0.00000    
2192    108.880     29.160    114.400   0    2192 -0.95263 -0.90463    -999  0.00000  0.00000    2192 -0.31617 -1.12980    
2193    108.880     41.320    114.400   0    2193 -0.95417 -0.82234    -999  0.00000  0.00000    2193 -0.31667 -1.06892    
2194    108.880     53.470    114.400   0    2194 -0.95454 -0.73891    -999  0.00000  0.00000    2194 -0.31760 -1.00639    
2195    108.880     65.630    114.400   0    2195 -0.95526 -0.65608    -999  0.00000  0.00000    2195 -0.31962 -0.94420    
2196    108.880     77.790    114.400   0    2196 -0.95598 -0.57333    -999  0.00000  0.00000    2196 -0.32012 -0.88232    
2197    108.880     89.950    114.400   0    2197 -0.95699 -0.48982    2197 -0.61413 -0.97104    2197 -0.32115 -0.81896    
2198    108.880    102.110    114.400   0    2198 -0.95772 -0.40636    2198 -0.61572 -0.86317    2198 -0.32217 -0.75650    
2199    108.880    114.260    114.400   0    2199 -0.95813 -0.32362    2199 -0.61759 -0.75545    2199 -0.32349 -0.69291    
2200    108.880    126.420    114.400   0    2200 -0.95953 -0.24071    2200 -0.61874 -0.64925    2200 -0.32519 -0.62894    
2201    108.880    138.580    114.400   0    2201 -0.96010 -0.15740    2201 -0.62016 -0.54399    2201 -0.32571 -0.56321    
2202    108.880    150.740    114.400   0    2202 -0.96013 -0.07432    2202 -0.62162 -0.44015    2202 -0.32748 -0.49780    
2203    108.880    162.890    114.400   0    2203 -0.96069  0.00894    2203 -0.62297 -0.33646    2203 -0.32911 -0.43181    
2204    108.880    175.050    114.400   0    2204 -0.96168  0.09214    2204 -0.62518 -0.23393    2204 -0.32966 -0.36561    
2205    108.880    187.210    114.400   0    2205 -0.96228  0.17525    2205 -0.62652 -0.13139    2205 -0.33121 -0.29867    
2206    108.880    199.370    114.400   0    2206 -0.96310  0.25923    2206 -0.62808 -0.03064    2206 -0.33231 -0.23183    
2207    108.880    211.530    114.400   0    2207 -0.96332  0.34233    2207 -0.62908  0.07035    2207 -0.33414 -0.16276    
2208    108.880    223.680    114.400   0    2208 -0.96351  0.42533    2208 -0.63130  0.16937    2208 -0.33526 -0.09506    
2209    108.880    235.840    114.400   0    2209 -0.96410  0.50922    2209 -0.63203  0.26737    2209 -0.33660 -0.02578    
2210    108.880    248.000    114.400   0    2210 -0.96490  0.59246    2210 -0.63436  0.36526    2210 -0.33834  0.04405    
2211    108.880    260.160    114.400   0    2211 -0.96542  0.67539    2211 -0.63543  0.46134    2211 -0.33981  0.11481    
2212    108.880    272.320    114.400   0    2212 -0.96573  0.75882    2212 -0.63658  0.55758    2212 -0.34072  0.18531    
2213    108.880    284.470    114.400   0    2213 -0.96565  0.84231    2213 -0.63864  0.65352    2213 -0.34224  0.25673    
2214    108.880    296.630    114.400   0    2214 -0.96613  0.92619    2214 -0.64021  0.74788    2214 -0.34350  0.32922    
2215    108.880    308.790    114.400   0    2215 -0.96689  1.00996    2215 -0.64125  0.84173    2215 -0.34498  0.40161    
2216    108.880    320.950    114.400   0    2216 -0.96719  1.09350    2216 -0.64302  0.93403    2216 -0.34687  0.47424    
2217    108.880    333.110    114.400   0    -999  0.00000  0.00000    2217 -0.64489  1.02698    2217 -0.34861  0.54863    
2218    108.880    345.260    114.400   0    -999  0.00000  0.00000    2218 -0.64611  1.11824    2218 -0.34982  0.62263    
2219    108.880    357.420    114.400   0    -999  0.00000  0.00000    -999  0.00000  0.00000    2219 -0.35118  0.69752    
2220    108.880    369.580    114.400   0    -999  0.00000  0.00000    -999  0.00000  0.00000    2220 -0.35309  0.77391    
2221    121.000     17.000    114.400   0    2221 -0.86875 -0.98757    -999  0.00000  0.00000    -999  0.00000  0.00000    
2222    121.000     29.160    114.400   0    2222 -0.86922 -0.90420    -999  0.00000  0.00000    2222 -0.24427 -1.13083    
2223    121.000     41.320    114.400   0    2223 -0.87083 -0.82163    -999  0.00000  0.00000    2223 -0.24567 -1.06989    
2224    121.000     53.470    114.400   0    2224 -0.87170 -0.73821    -999  0.00000  0.00000    2224 -0.24591 -1.00803    
2225    121.000     65.630    114.400   0    2225 -0.87194 -0.65518    -999  0.00000  0.00000    2225 -0.24663 -0.94577    
2226    121.000     77.790    114.400   0    2226 -0.87334 -0.57261    -999  0.00000  0.00000    2226 -0.24818 -0.88254    
2227    121.000     89.950    114.400   0    2227 -0.87433 -0.48917    2227 -0.50328 -0.96959    2227 -0.24888 -0.82068    
2228    121.000    102.110    114.400   0    2228 -0.87495 -0.40582    2228 -0.50490 -0.86112    2228 -0.25068 -0.75717    
2229    121.000    114.260    114.400   0    2229 -0.87557 -0.32346    2229 -0.50789 -0.75394    2229 -0.25030 -0.69348    
2230    121.000    126.420    114.400   0    2230 -0.87678 -0.24027    2230 -0.50972 -0.64808    2230 -0.25154 -0.62919    
2231    121.000    138.580    114.400   0    2231 -0.87714 -0.15710    2231 -0.51199 -0.54274    2231 -0.25289 -0.56441    
2232    121.000    150.740    114.400   0    2232 -0.87762 -0.07413    2232 -0.51348 -0.43865    2232 -0.25363 -0.49800    
2233    121.000    162.890    114.400   0    2233 -0.87790  0.00952    2233 -0.51458 -0.33545    2233 -0.25396 -0.43212    
2234    121.000    175.050    114.400   0    2234 -0.87846  0.09252    2234 -0.51791 -0.23277    2234 -0.25521 -0.36549    
2235    121.000    187.210    114.400   0    2235 -0.87945  0.17575    2235 -0.51999 -0.13133    2235 -0.25594 -0.29912    
2236    121.000    199.370    114.400   0    2236 -0.87945  0.25923    2236 -0.52158 -0.02936    2236 -0.25782 -0.23251    
2237    121.000    211.530    114.400   0    2237 -0.88011  0.34293    2237 -0.52287  0.07055    2237 -0.25871 -0.16433    
2238    121.000    223.680    114.400   0    2238 -0.88033  0.42623    2238 -0.52565  0.16943    2238 -0.26000 -0.09599    
2239    121.000    235.840    114.400   0    2239 -0.88100  0.50972    2239 -0.52724  0.26785    2239 -0.26123 -0.02636    
2240    121.000    248.000    114.400   0    2240 -0.88121  0.59285    2240 -0.52951  0.36475    2240 -0.26121  0.04309    
2241    121.000    260.160    114.400   0    2241 -0.88186  0.67566    2241 -0.53146  0.46153    2241 -0.26256  0.11358    
2242    121.000    272.320    114.400   0    2242 -0.88207  0.75963    2242 -0.53334  0.55721    2242 -0.26364  0.18546    
2243    121.000    284.470    114.400   0    2243 -0.88278  0.84272    2243 -0.53518  0.65194    2243 -0.26508  0.25630    
2244    121.000    296.630    114.400   0    2244 -0.88320  0.92628    2244 -0.53785  0.74689    2244 -0.26591  0.32835    
2245    121.000    308.790    114.400   0    2245 -0.88343  1.00998    2245 -0.53907  0.84044    2245 -0.26701  0.40096    
2246    121.000    320.950    114.400   0    2246 -0.88405  1.09383    2246 -0.54136  0.93330    2246 -0.26900  0.47353    
2247    121.000    333.110    114.400   0    -999  0.00000  0.00000    2247 -0.54329  1.02530    2247 -0.26948  0.54781    
2248    121.000    345.260    114.400   0    -999  0.00000  0.00000    2248 -0.54481  1.11704    2248 -0.27150  0.62247    
2249    121.000    357.420    114.400   0    -999  0.00000  0.00000    -999  0.00000  0.00000    2249 -0.27225  0.69732    
2250    121.000    369.580    114.400   0    -999  0.00000  0.00000    -999  0.00000  0.00000    2250 -0.27404  0.77294    
2251    133.130     17.000    114.400   0    2251 -0.78611 -0.98738    -999  0.00000  0.00000    -999  0.00000  0.00000    
2252    133.130     29.160    114.400   0    2252 -0.78701 -0.90359    -999  0.00000  0.00000    2252 -0.17334 -1.13238    
2253    133.130     41.320    114.400   0    2253 -0.78818 -0.82086    -999  0.00000  0.00000    2253 -0.17385 -1.07038    
2254    133.130     53.470    114.400   0    2254 -0.78829 -0.73803    -999  0.00000  0.00000    2254 -0.17490 -1.00912    
2255    133.130     65.630    114.400   0    2255 -0.78935 -0.65484    -999  0.00000  0.00000    2255 -0.17530 -0.94679    
2256    133.130     77.790    114.400   0    2256 -0.79028 -0.57237    -999  0.00000  0.00000    2256 -0.17599 -0.88444    
2257    133.130     89.950    114.400   0    2257 -0.79056 -0.48898    2257 -0.39311 -0.96746    2257 -0.17650 -0.82171    
2258    133.130    102.110    114.400   0    2258 -0.79151 -0.40576    2258 -0.39513 -0.85979    2258 -0.17737 -0.75791    
2259    133.130    114.260    114.400   0    2259 -0.79213 -0.32263    2259 -0.39846 -0.75326    2259 -0.17733 -0.69368    
2260    133.130    126.420    114.400   0    2260 -0.79273 -0.23937    2260 -0.40143 -0.64611    2260 -0.17821 -0.63032    
2261    133.130    138.580    114.400   0    2261 -0.79331 -0.15633    2261 -0.40332 -0.54096    2261 -0.17909 -0.56493    
2262    133.130    150.740    114.400   0    2262 -0.79441 -0.07342    2262 -0.40564 -0.43733    2262 -0.17977 -0.49999    
2263    133.130    162.890    114.400   0    2263 -0.79512  0.01024    2263 -0.40830 -0.33383    2263 -0.18036 -0.43346    
2264    133.130    175.050    114.400   0    2264 -0.79541  0.09330    2264 -0.41072 -0.23155    2264 -0.18065 -0.36662    
2265    133.130    187.210    114.400   0    2265 -0.79602  0.17623    2265 -0.41271 -0.13040    2265 -0.18240 -0.30041    
2266    133.130    199.370    114.400   0    2266 -0.79661  0.25976    2266 -0.41551 -0.02925    2266 -0.18283 -0.23309    
2267    133.130    211.530    114.400   0    2267 -0.79693  0.34327    2267 -0.41796  0.07091    2267 -0.18279 -0.16504    
2268    133.130    223.680    114.400   0    2268 -0.79769  0.42621    2268 -0.42020  0.16943    2268 -0.18408 -0.09666    
2269    133.130    235.840    114.400   0    2269 -0.79787  0.51009    2269 -0.42262  0.26788    2269 -0.18467 -0.02686    
2270    133.130    248.000    114.400   0    2270 -0.79872  0.59302    2270 -0.42497  0.36482    2270 -0.18558  0.04278    
2271    133.130    260.160    114.400   0    2271 -0.79886  0.67657    2271 -0.42783  0.46143    2271 -0.18641  0.11311    
2272    133.130    272.320    114.400   0    2272 -0.79906  0.75992    2272 -0.42968  0.55687    2272 -0.18711  0.18436    
2273    133.130    284.470    114.400   0    2273 -0.79959  0.84318    2273 -0.43193  0.65209    2273 -0.18728  0.25527    
2274    133.130    296.630    114.400   0    2274 -0.79994  0.92704    2274 -0.43432  0.74651    2274 -0.18870  0.32737    
2275    133.130    308.790    114.400   0    2275 -0.80066  1.01045    2275 -0.43716  0.84021    2275 -0.18952  0.39996    
2276    133.130    320.950    114.400   0    2276 -0.80065  1.09388    2276 -0.43882  0.93305    2276 -0.19035  0.47284    
2277    133.130    333.110    114.400   0    -999  0.00000  0.00000    2277 -0.44162  1.02465    2277 -0.19135  0.54685    
2278    133.130    345.260    114.400   0    -999  0.00000  0.00000    2278 -0.44427  1.11552    2278 -0.19234  0.62149    
2279    133.130    357.420    114.400   0    -999  0.00000  0.00000    -999  0.00000  0.00000    2279 -0.19349  0.69674    
2280    133.130    369.580    114.400   0    -999  0.00000  0.00000    -999  0.00000  0.00000    2280 -0.19462  0.77239    
2281    145.250     17.000    114.400   0    2281 -0.70326 -0.98659    -999  0.00000  0.00000    -999  0.00000  0.00000    
2282    145.250     29.160    114.400   0    2282 -0.70391 -0.90333    -999  0.00000  0.00000    2282 -0.10185 -1.13256    
2283    145.250     41.320    114.400   0    2283 -0.70508 -0.82044    -999  0.00000  0.00000    2283 -0.10233 -1.07146    
2284    145.250     53.470    114.400   0    2284 -0.70565 -0.73745    -999  0.00000  0.00000    2284 -0.10267 -1.01013    
2285    145.250     65.630    114.400   0    2285 -0.70624 -0.65440    -999  0.00000  0.00000    2285 -0.10304 -0.94760    
2286    145.250     77.790    114.400   0    2286 -0.70757 -0.57184    -999  0.00000  0.00000    2286 -0.10372 -0.88551    
2287    145.250     89.950    114.400   0    2287 -0.70824 -0.48845    2287 -0.28330 -0.96524    2287 -0.10472 -0.82224    
2288    145.250    102.110    114.400   0    2288 -0.70855 -0.40523    2288 -0.28605 -0.85722    2288 -0.10438 -0.75957    
2289    145.250    114.260    114.400   0    2289 -0.70930 -0.32222    2289 -0.28893 -0.75096    2289 -0.10550 -0.69502    
2290    145.250    126.420    114.400   0    2290 -0.71000 -0.23951    2290 -0.29218 -0.64498    2290 -0.10491 -0.63081    
2291    145.250    138.580    114.400   0    2291 -0.71045 -0.15573    2291 -0.29504 -0.54017    2291 -0.10508 -0.56598    
2292    145.250    150.740    114.400   0    2292 -0.71141 -0.07283    2292 -0.29790 -0.43619    2292 -0.10598 -0.50100    
2293    145.250    162.890    114.400   0    2293 -0.71198  0.01064    2293 -0.30112 -0.33289    2293 -0.10623 -0.43475    
2294    145.250    175.050    114.400   0    2294 -0.71221  0.09365    2294 -0.30428 -0.23118    2294 -0.10677 -0.36845    
2295    145.250    187.210    114.400   0    2295 -0.71277  0.17654    2295 -0.30649 -0.12957    2295 -0.10737 -0.30090    
2296    145.250    199.370    114.400   0    2296 -0.71328  0.26029    2296 -0.30978 -0.02900    2296 -0.10750 -0.23347    
2297    145.250    211.530    114.400   0    2297 -0.71343  0.34341    2297 -0.31283  0.07104    2297 -0.10787 -0.16546    
2298    145.250    223.680    114.400   0    2298 -0.71374  0.42671    2298 -0.31503  0.16968    2298 -0.10869 -0.09723    
2299    145.250    235.840    114.400   0    2299 -0.71427  0.51076    2299 -0.31796  0.26774    2299 -0.10895 -0.02822    
2300    145.250    248.000    114.400   0    2300 -0.71488  0.59335    2300 -0.32130  0.36503    2300 -0.10916  0.04161    
2301    145.250    260.160    114.400   0    2301 -0.71576  0.67670    2301 -0.32330  0.46083    2301 -0.10922  0.11215    
2302    145.250    272.320    114.400   0    2302 -0.71610  0.76046    2302 -0.32652  0.55696    2302 -0.10942  0.18289    
2303    145.250    284.470    114.400   0    2303 -0.71670  0.84364    2303 -0.32888  0.65165    2303 -0.11107  0.25469    
2304    145.250    296.630    114.400   0    2304 -0.71718  0.92778    2304 -0.33167  0.74599    2304 -0.11152  0.32583    
2305    145.250    308.790    114.400   0    2305 -0.71713  1.01089    2305 -0.33482  0.83954    2305 -0.11205  0.39984    
2306    145.250    320.950    114.400   0    2306 -0.71794  1.09466    2306 -0.33720  0.93226    2306 -0.11217  0.47219    
2307    145.250    333.110    114.400   0    -999  0.00000  0.00000    2307 -0.34034  1.02389    2307 -0.11268  0.54649    
2308    145.250    345.260    114.400   0    -999  0.00000  0.00000    2308 -0.34327  1.11446    2308 -0.11377  0.62030    
2309    145.250    357.420    114.400   0    -999  0.00000  0.00000    -999  0.00000  0.00000    2309 -0.11489  0.69618    
2310    145.250    369.580    114.400   0    -999  0.00000  0.00000    -999  0.00000  0.00000    2310 -0.11520  0.77154    
2311    157.380     17.000    114.400   0    2311 -0.61967 -0.98545    -999  0.00000  0.00000    -999  0.00000  0.00000    
2312    157.380     29.160    114.400   0    2312 -0.62071 -0.90268    -999  0.00000  0.00000    2312 -0.03110 -1.13298    
2313    157.380     41.320    114.400   0    2313 -0.62160 -0.82005    -999  0.00000  0.00000    2313 -0.03088 -1.07239    
2314    157.380     53.470    114.400   0    2314 -0.62232 -0.73707    -999  0.00000  0.00000    2314 -0.03088 -1.01133    
2315    157.380     65.630    114.400   0    2315 -0.62372 -0.65436    -999  0.00000  0.00000    2315 -0.03127 -0.94906    
2316    157.380     77.790    114.400   0    2316 -0.62434 -0.57126    -999  0.00000  0.00000    2316 -0.03174 -0.88658    
2317    157.380     89.950    114.400   0    2317 -0.62523 -0.48805    2317 -0.17330 -0.96250    2317 -0.03102 -0.82325    
2318    157.380    102.110    114.400   0    2318 -0.62557 -0.40479    2318 -0.17734 -0.85611    2318 -0.03091 -0.76093    
2319    157.380    114.260    114.400   0    2319 -0.62664 -0.32157    2319 -0.18029 -0.74961    2319 -0.03147 -0.69597    
2320    157.380    126.420    114.400   0    2320 -0.62722 -0.23896    2320 -0.18431 -0.64368    2320 -0.03137 -0.63183    
2321    157.380    138.580    114.400   0    2321 -0.62742 -0.15506    2321 -0.18715 -0.53901    2321 -0.03134 -0.56704    
2322    157.380    150.740    114.400   0    2322 -0.62814 -0.07195    2322 -0.19051 -0.43459    2322 -0.03132 -0.50152    
2323    157.380    162.890    114.400   0    2323 -0.62853  0.01096    2323 -0.19492 -0.33235    2323 -0.03140 -0.43520    
2324    157.380    175.050    114.400   0    2324 -0.62924  0.09391    2324 -0.19684 -0.23038    2324 -0.03198 -0.36918    
2325    157.380    187.210    114.400   0    2325 -0.62956  0.17694    2325 -0.20046 -0.12902    2325 -0.03255 -0.30216    
2326    157.380    199.370    114.400   0    2326 -0.63040  0.26127    2326 -0.20433 -0.02861    2326 -0.03253 -0.23441    
2327    157.380    211.530    114.400   0    2327 -0.63062  0.34437    2327 -0.20735  0.07090    2327 -0.03253 -0.16624    
2328    157.380    223.680    114.400   0    2328 -0.63108  0.42731    2328 -0.21084  0.16967    2328 -0.03238 -0.09751    
2329    157.380    235.840    114.400   0    2329 -0.63205  0.51064    2329 -0.21405  0.26779    2329 -0.03253 -0.02889    
2330    157.380    248.000    114.400   0    2330 -0.63251  0.59374    2330 -0.21743  0.36482    2330 -0.03310  0.04092    
2331    157.380    260.160    114.400   0    2331 -0.63269  0.67693    2331 -0.22074  0.46098    2331 -0.03277  0.11088    
2332    157.380    272.320    114.400   0    2332 -0.63326  0.76097    2332 -0.22360  0.55661    2332 -0.03326  0.18138    
2333    157.380    284.470    114.400   0    2333 -0.63314  0.84410    2333 -0.22683  0.65136    2333 -0.03358  0.25413    
2334    157.380    296.630    114.400   0    2334 -0.63357  0.92774    2334 -0.23021  0.74565    2334 -0.03377  0.32510    
2335    157.380    308.790    114.400   0    2335 -0.63416  1.01138    2335 -0.23298  0.83912    2335 -0.03415  0.39793    
2336    157.380    320.950    114.400   0    2336 -0.63449  1.09469    2336 -0.23729  0.93154    2336 -0.03470  0.47171    
2337    157.380    333.110    114.400   0    -999  0.00000  0.00000    2337 -0.23958  1.02307    2337 -0.03479  0.54567    
2338    157.380    345.260    114.400   0    -999  0.00000  0.00000    2338 -0.24208  1.11411    2338 -0.03507  0.61953    
2339    157.380    357.420    114.400   0    -999  0.00000  0.00000    -999  0.00000  0.00000    2339 -0.03515  0.69511    
2340    157.380    369.580    114.400   0    -999  0.00000  0.00000    -999  0.00000  0.00000    2340 -0.03603  0.77058    
2341    169.500     17.000    114.400   0    2341 -0.53654 -0.98518    -999  0.00000  0.00000    -999  0.00000  0.00000    
2342    169.500     29.160    114.400   0    2342 -0.53757 -0.90205    -999  0.00000  0.00000    2342  0.03968 -1.13405    
2343    169.500     41.320    114.400   0    2343 -0.53845 -0.81918    -999  0.00000  0.00000    2343  0.03982 -1.07334    
2344    169.500     53.470    114.400   0    2344 -0.53911 -0.73680    -999  0.00000  0.00000    2344  0.03987 -1.01175    
2345    169.500     65.630    114.400   0    2345 -0.53982 -0.65338    -999  0.00000  0.00000    2345  0.04003 -0.95030    
2346    169.500     77.790    114.400   0    2346 -0.54088 -0.57101    -999  0.00000  0.00000    2346  0.04081 -0.88740    
2347    169.500     89.950    114.400   0    2347 -0.54137 -0.48759    2347 -0.06417 -0.96149    2347  0.04032 -0.82401    
2348    169.500    102.110    114.400   0    2348 -0.54224 -0.40394    2348 -0.06817 -0.85388    2348  0.04078 -0.76114    
2349    169.500    114.260    114.400   0    2349 -0.54219 -0.32117    2349 -0.07230 -0.74707    2349  0.04121 -0.69682    
2350    169.500    126.420    114.400   0    2350 -0.54379 -0.23811    2350 -0.07629 -0.64174    2350  0.04175 -0.63166    
2351    169.500    138.580    114.400   0    2351 -0.54502 -0.15442    2351 -0.08031 -0.53792    2351  0.04155 -0.56749    
2352    169.500    150.740    114.400   0    2352 -0.54506 -0.07118    2352 -0.08397 -0.43410    2352  0.04158 -0.50220    
2353    169.500    162.890    114.400   0    2353 -0.54555  0.01142    2353 -0.08770 -0.33138    2353  0.04158 -0.43624    
2354    169.500    175.050    114.400   0    2354 -0.54624  0.09514    2354 -0.09143 -0.22893    2354  0.04232 -0.36994    
2355    169.500    187.210    114.400   0    2355 -0.54643  0.17795    2355 -0.09498 -0.12835    2355  0.04281 -0.30329    
2356    169.500    199.370    114.400   0    2356 -0.54700  0.26156    2356 -0.09895 -0.02830    2356  0.04266 -0.23504    
2357    169.500    211.530    114.400   0    2357 -0.54747  0.34442    2357 -0.10289  0.07134    2357  0.04318 -0.16723    
2358    169.500    223.680    114.400   0    2358 -0.54782  0.42732    2358 -0.10693  0.16999    2358  0.04297 -0.09801    
2359    169.500    235.840    114.400   0    2359 -0.54783  0.51104    2359 -0.10974  0.26793    2359  0.04263 -0.02933    
2360    169.500    248.000    114.400   0    2360 -0.54870  0.59450    2360 -0.11365  0.36483    2360  0.04260  0.03989    
2361    169.500    260.160    114.400   0    2361 -0.54915  0.67734    2361 -0.11703  0.46041    2361  0.04268  0.11059    
2362    169.500    272.320    114.400   0    2362 -0.54952  0.76104    2362 -0.12102  0.55603    2362  0.04272  0.18103    
2363    169.500    284.470    114.400   0    2363 -0.54997  0.84457    2363 -0.12476  0.65075    2363  0.04309  0.25317    
2364    169.500    296.630    114.400   0    2364 -0.55022  0.92822    2364 -0.12785  0.74487    2364  0.04319  0.32433    
2365    169.500    308.790    114.400   0    2365 -0.55053  1.01172    2365 -0.13198  0.83780    2365  0.04279  0.39674    
2366    169.500    320.950    114.400   0    2366 -0.55064  1.09514    2366 -0.13536  0.93045    2366  0.04280  0.47080    
2367    169.500    333.110    114.400   0    -999  0.00000  0.00000    2367 -0.13889  1.02121    2367  0.04287  0.54399    
2368    169.500    345.260    114.400   0    -999  0.00000  0.00000    2368 -0.14303  1.11303    2368  0.04293  0.61881    
2369    169.500    357.420    114.400   0    -999  0.00000  0.00000    -999  0.00000  0.00000    2369  0.04361  0.69374    
2370    169.500    369.580    114.400   0    -999  0.00000  0.00000    -999  0.00000  0.00000    2370  0.04270  0.76870    
2371    181.630     17.000    114.400   0    2371 -0.45367 -0.98441    -999  0.00000  0.00000    -999  0.00000  0.00000    
2372    181.630     29.160    114.400   0    2372 -0.45469 -0.90174    -999  0.00000  0.00000    2372  0.11168 -1.13529    
2373    181.630     41.320    114.400   0    2373 -0.45579 -0.81892    -999  0.00000  0.00000    2373  0.11155 -1.07399    
2374    181.630     53.470    114.400   0    2374 -0.45658 -0.73632    -999  0.00000  0.00000    2374  0.11203 -1.01242    
2375    181.630     65.630    114.400   0    2375 -0.45711 -0.65265    -999  0.00000  0.00000    2375  0.11289 -0.95044    
2376    181.630     77.790    114.400   0    2376 -0.45790 -0.56975    -999  0.00000  0.00000    2376  0.11297 -0.88815    
2377    181.630     89.950    114.400   0    2377 -0.45853 -0.48669    2377  0.04499 -0.96003    2377  0.11335 -0.82500    
2378    181.630    102.110    114.400   0    2378 -0.45922 -0.40301    2378  0.03937 -0.85218    2378  0.11422 -0.76152    
2379    181.630    114.260    114.400   0    2379 -0.46013 -0.32040    2379  0.03619 -0.74631    2379  0.11530 -0.69795    
2380    181.630    126.420    114.400   0    2380 -0.46081 -0.23785    2380  0.03100 -0.64057    2380  0.11493 -0.63331    
2381    181.630    138.580    114.400   0    2381 -0.46170 -0.15406    2381  0.02724 -0.53711    2381  0.11563 -0.56838    
2382    181.630    150.740    114.400   0    2382 -0.46182 -0.07073    2382  0.02198 -0.43290    2382  0.11594 -0.50279    
2383    181.630    162.890    114.400   0    2383 -0.46227  0.01213    2383  0.01837 -0.33069    2383  0.11632 -0.43673    
2384    181.630    175.050    114.400   0    2384 -0.46271  0.09600    2384  0.01392 -0.22840    2384  0.11664 -0.37078    
2385    181.630    187.210    114.400   0    2385 -0.46333  0.17885    2385  0.00982 -0.12758    2385  0.11720 -0.30352    
2386    181.630    199.370    114.400   0    2386 -0.46343  0.26156    2386  0.00537 -0.02799    2386  0.11739 -0.23580    
2387    181.630    211.530    114.400   0    2387 -0.46425  0.34525    2387  0.00152  0.07178    2387  0.11788 -0.16811    
2388    181.630    223.680    114.400   0    2388 -0.46491  0.42831    2388 -0.00262  0.16968    2388  0.11822 -0.09849    
2389    181.630    235.840    114.400   0    2389 -0.46514  0.51200    2389 -0.00623  0.26782    2389  0.11878 -0.03034    
2390    181.630    248.000    114.400   0    2390 -0.46577  0.59471    2390 -0.01072  0.36472    2390  0.11928  0.03928    
2391    181.630    260.160    114.400   0    2391 -0.46594  0.67797    2391 -0.01474  0.46051    2391  0.11956  0.10975    
2392    181.630    272.320    114.400   0    2392 -0.46640  0.76147    2392 -0.01942  0.55583    2392  0.12028  0.18039    
2393    181.630    284.470    114.400   0    2393 -0.46665  0.84486    2393 -0.02334  0.65035    2393  0.12047  0.25252    
2394    181.630    296.630    114.400   0    2394 -0.46679  0.92833    2394 -0.02659  0.74387    2394  0.12093  0.32435    
2395    181.630    308.790    114.400   0    2395 -0.46729  1.01163    2395 -0.03075  0.83686    2395  0.12106  0.39622    
2396    181.630    320.950    114.400   0    2396 -0.46798  1.09509    2396 -0.03448  0.92911    2396  0.12139  0.47054    
2397    181.630    333.110    114.400   0    -999  0.00000  0.00000    2397 -0.03877  1.02084    2397  0.12227  0.54373    
2398    181.630    345.260    114.400   0    -999  0.00000  0.00000    2398 -0.04258  1.11200    2398  0.12202  0.61864    
2399    181.630    357.420    114.400   0    -999  0.00000  0.00000    -999  0.00000  0.00000    2399  0.12275  0.69311    
2400    181.630    369.580    114.400   0    -999  0.00000  0.00000    -999  0.00000  0.00000    2400  0.12305  0.76809    
2401    193.750     17.000    114.400   0    2401 -0.37043 -0.98357    -999  0.00000  0.00000    -999  0.00000  0.00000    
2402    193.750     29.160    114.400   0    2402 -0.37105 -0.90046    -999  0.00000  0.00000    2402  0.18263 -1.13578    
2403    193.750     41.320    114.400   0    2403 -0.37281 -0.81840    -999  0.00000  0.00000    2403  0.18335 -1.07473    
2404    193.750     53.470    114.400   0    2404 -0.37349 -0.73487    -999  0.00000  0.00000    2404  0.18418 -1.01314    
2405    193.750     65.630    114.400   0    2405 -0.37406 -0.65253    -999  0.00000  0.00000    2405  0.18475 -0.95113    
2406    193.750     77.790    114.400   0    2406 -0.37529 -0.56871    -999  0.00000  0.00000    2406  0.18548 -0.88885    
2407    193.750     89.950    114.400   0    2407 -0.37589 -0.48623    2407  0.15285 -0.95757    2407  0.18652 -0.82601    
2408    193.750    102.110    114.400   0    2408 -0.37613 -0.40277    2408  0.14768 -0.85099    2408  0.18676 -0.76203    
2409    193.750    114.260    114.400   0    2409 -0.37636 -0.31977    2409  0.14308 -0.74535    2409  0.18704 -0.69813    
2410    193.750    126.420    114.400   0    2410 -0.37767 -0.23717    2410  0.13841 -0.63984    2410  0.18829 -0.63392    
2411    193.750    138.580    114.400   0    2411 -0.37809 -0.15360    2411  0.13394 -0.53496    2411  0.18952 -0.56834    
2412    193.750    150.740    114.400   0    2412 -0.37853 -0.07038    2412  0.12871 -0.43197    2412  0.19013 -0.50378    
2413    193.750    162.890    114.400   0    2413 -0.37873  0.01266    2413  0.12450 -0.32980    2413  0.19030 -0.43753    
2414    193.750    175.050    114.400   0    2414 -0.37999  0.09587    2414  0.11901 -0.22827    2414  0.19161 -0.37171    
2415    193.750    187.210    114.400   0    2415 -0.38011  0.17921    2415  0.11458 -0.12692    2415  0.19236 -0.30404    
2416    193.750    199.370    114.400   0    2416 -0.38076  0.26243    2416  0.10948 -0.02677    2416  0.19298 -0.23676    
2417    193.750    211.530    114.400   0    2417 -0.38123  0.34590    2417  0.10552  0.07194    2417  0.19407 -0.16869    
2418    193.750    223.680    114.400   0    2418 -0.38158  0.42858    2418  0.10040  0.17002    2418  0.19416 -0.09995    
2419    193.750    235.840    114.400   0    2419 -0.38227  0.51211    2419  0.09641  0.26799    2419  0.19534 -0.03086    
2420    193.750    248.000    114.400   0    2420 -0.38274  0.59553    2420  0.09135  0.36462    2420  0.19596  0.03928    
2421    193.750    260.160    114.400   0    2421 -0.38306  0.67829    2421  0.08755  0.46057    2421  0.19612  0.10958    
2422    193.750    272.320    114.400   0    2422 -0.38323  0.76182    2422  0.08305  0.55554    2422  0.19656  0.18023    
2423    193.750    284.470    114.400   0    2423 -0.38361  0.84528    2423  0.07873  0.64978    2423  0.19700  0.25159    
2424    193.750    296.630    114.400   0    2424 -0.38415  0.92881    2424  0.07340  0.74305    2424  0.19769  0.32371    
2425    193.750    308.790    114.400   0    2425 -0.38447  1.01244    2425  0.06975  0.83581    2425  0.19845  0.39652    
2426    193.750    320.950    114.400   0    2426 -0.38494  1.09560    2426  0.06506  0.92803    2426  0.19975  0.46990    
2427    193.750    333.110    114.400   0    -999  0.00000  0.00000    2427  0.06118  1.01952    2427  0.20074  0.54277    
2428    193.750    345.260    114.400   0    -999  0.00000  0.00000    2428  0.05608  1.11006    2428  0.20088  0.61755    
2429    193.750    357.420    114.400   0    -999  0.00000  0.00000    -999  0.00000  0.00000    2429  0.20167  0.69275    
2430    193.750    369.580    114.400   0    -999  0.00000  0.00000    -999  0.00000  0.00000    2430  0.20289  0.76808    
2431    205.880     17.000    114.400   0    2431 -0.28775 -0.98284    -999  0.00000  0.00000    -999  0.00000  0.00000    
2432    205.880     29.160    114.400   0    2432 -0.28827 -0.89997    -999  0.00000  0.00000    2432  0.25311 -1.13739    
2433    205.880     41.320    114.400   0    2433 -0.28875 -0.81674    -999  0.00000  0.00000    2433  0.25506 -1.07586    
2434    205.880     53.470    114.400   0    2434 -0.29027 -0.73467    -999  0.00000  0.00000    2434  0.25551 -1.01439    
2435    205.880     65.630    114.400   0    2435 -0.29081 -0.65163    -999  0.00000  0.00000    2435  0.25634 -0.95259    
2436    205.880     77.790    114.400   0    2436 -0.29103 -0.56820    -999  0.00000  0.00000    2436  0.25712 -0.89071    
2437    205.880     89.950    114.400   0    2437 -0.29225 -0.48560    2437  0.26127 -0.95535    2437  0.25831 -0.82713    
2438    205.880    102.110    114.400   0    2438 -0.29311 -0.40257    2438  0.25570 -0.84907    2438  0.25958 -0.76268    
2439    205.880    114.260    114.400   0    2439 -0.29356 -0.31878    2439  0.25062 -0.74352    2439  0.25987 -0.69953    
2440    205.880    126.420    114.400   0    2440 -0.29437 -0.23687    2440  0.24492 -0.63779    2440  0.26167 -0.63439    
2441    205.880    138.580    114.400   0    2441 -0.29492 -0.15293    2441  0.23985 -0.53420    2441  0.26213 -0.56986    
2442    205.880    150.740    114.400   0    2442 -0.29518 -0.07009    2442  0.23497 -0.43048    2442  0.26353 -0.50482    
2443    205.880    162.890    114.400   0    2443 -0.29577  0.01366    2443  0.22954 -0.32830    2443  0.26416 -0.43848    
2444    205.880    175.050    114.400   0    2444 -0.29674  0.09658    2444  0.22447 -0.22684    2444  0.26598 -0.37214    
2445    205.880    187.210    114.400   0    2445 -0.29704  0.18003    2445  0.21924 -0.12648    2445  0.26631 -0.30488    
2446    205.880    199.370    114.400   0    2446 -0.29747  0.26310    2446  0.21395 -0.02665    2446  0.26767 -0.23758    
2447    205.880    211.530    114.400   0    2447 -0.29777  0.34650    2447  0.20903  0.07261    2447  0.26848 -0.16995    
2448    205.880    223.680    114.400   0    2448 -0.29829  0.42943    2448  0.20449  0.17042    2448  0.26984 -0.10066    
2449    205.880    235.840    114.400   0    2449 -0.29892  0.51247    2449  0.19920  0.26807    2449  0.27040 -0.03136    
2450    205.880    248.000    114.400   0    2450 -0.29909  0.59600    2450  0.19393  0.36508    2450  0.27237  0.03835    
2451    205.880    260.160    114.400   0    2451 -0.29938  0.67826    2451  0.18993  0.46010    2451  0.27300  0.10839    
2452    205.880    272.320    114.400   0    2452 -0.29985  0.76212    2452  0.18465  0.55483    2452  0.27408  0.17917    
2453    205.880    284.470    114.400   0    2453 -0.30013  0.84560    2453  0.18030  0.64932    2453  0.27487  0.25074    
2454    205.880    296.630    114.400   0    2454 -0.30078  0.92924    2454  0.17467  0.74287    2454  0.27579  0.32293    
2455    205.880    308.790    114.400   0    2455 -0.30114  1.01254    2455  0.17051  0.83567    2455  0.27652  0.39477    
2456    205.880    320.950    114.400   0    2456 -0.30185  1.09625    2456  0.16532  0.92826    2456  0.27729  0.46862    
2457    205.880    333.110    114.400   0    -999  0.00000  0.00000    2457  0.16070  1.01904    2457  0.27859  0.54185    
2458    205.880    345.260    114.400   0    -999  0.00000  0.00000    2458  0.15611  1.10920    2458  0.27937  0.61669    
2459    205.880    357.420    114.400   0    -999  0.00000  0.00000    -999  0.00000  0.00000    2459  0.28002  0.69203    
2460    205.880    369.580    114.400   0    -999  0.00000  0.00000    -999  0.00000  0.00000    2460  0.28132  0.76762    
2461    218.000     17.000    114.400   0    2461 -0.20467 -0.98236    -999  0.00000  0.00000    -999  0.00000  0.00000    
2462    218.000     29.160    114.400   0    2462 -0.20549 -0.89973    -999  0.00000  0.00000    2462  0.32458 -1.13823    
2463    218.000     41.320    114.400   0    2463 -0.20618 -0.81676    -999  0.00000  0.00000    2463  0.32606 -1.07701    
2464    218.000     53.470    114.400   0    2464 -0.20683 -0.73431    -999  0.00000  0.00000    2464  0.32670 -1.01576    
2465    218.000     65.630    114.400   0    2465 -0.20742 -0.65111    -999  0.00000  0.00000    2465  0.32874 -0.95361    
2466    218.000     77.790    114.400   0    2466 -0.20829 -0.56812    -999  0.00000  0.00000    2466  0.32948 -0.89063    
2467    218.000     89.950    114.400   0    2467 -0.20923 -0.48517    2467  0.36918 -0.95325    2467  0.33087 -0.82759    
2468    218.000    102.110    114.400   0    2468 -0.21012 -0.40212    2468  0.36312 -0.84694    2468  0.33218 -0.76412    
2469    218.000    114.260    114.400   0    2469 -0.21042 -0.31845    2469  0.35785 -0.74117    2469  0.33376 -0.70087    
2470    218.000    126.420    114.400   0    2470 -0.21130 -0.23609    2470  0.35149 -0.63615    2470  0.33475 -0.63592    
2471    218.000    138.580    114.400   0    2471 -0.21189 -0.15252    2471  0.34610 -0.53206    2471  0.33526 -0.57115    
2472    218.000    150.740    114.400   0    2472 -0.21253 -0.06939    2472  0.34073 -0.42924    2472  0.33698 -0.50505    
2473    218.000    162.890    114.400   0    2473 -0.21300  0.01402    2473  0.33472 -0.32677    2473  0.33841 -0.43951    
2474    218.000    175.050    114.400   0    2474 -0.21339  0.09726    2474  0.32899 -0.22568    2474  0.34002 -0.37343    
2475    218.000    187.210    114.400   0    2475 -0.21412  0.18022    2475  0.32335 -0.12527    2475  0.34153 -0.30594    
2476    218.000    199.370    114.400   0    2476 -0.21457  0.26349    2476  0.31837 -0.02581    2476  0.34239 -0.23834    
2477    218.000    211.530    114.400   0    2477 -0.21479  0.34684    2477  0.31290  0.07341    2477  0.34352 -0.17114    
2478    218.000    223.680    114.400   0    2478 -0.21510  0.43027    2478  0.30703  0.17145    2478  0.34483 -0.10179    
2479    218.000    235.840    114.400   0    2479 -0.21564  0.51332    2479  0.30171  0.26829    2479  0.34641 -0.03245    
2480    218.000    248.000    114.400   0    2480 -0.21629  0.59642    2480  0.29690  0.36506    2480  0.34881  0.03717    
2481    218.000    260.160    114.400   0    2481 -0.21673  0.67960    2481  0.29153  0.46051    2481  0.34925  0.10743    
2482    218.000    272.320    114.400   0    2482 -0.21712  0.76317    2482  0.28684  0.55504    2482  0.35090  0.17818    
2483    218.000    284.470    114.400   0    2483 -0.21716  0.84600    2483  0.28096  0.64922    2483  0.35141  0.24935    
2484    218.000    296.630    114.400   0    2484 -0.21749  0.92936    2484  0.27567  0.74264    2484  0.35296  0.32205    
2485    218.000    308.790    114.400   0    2485 -0.21796  1.01280    2485  0.27068  0.83534    2485  0.35457  0.39387    
2486    218.000    320.950    114.400   0    2486 -0.21851  1.09660    2486  0.26511  0.92714    2486  0.35550  0.46792    
2487    218.000    333.110    114.400   0    -999  0.00000  0.00000    2487  0.26019  1.01812    2487  0.35712  0.54142    
2488    218.000    345.260    114.400   0    -999  0.00000  0.00000    2488  0.25462  1.10837    2488  0.35823  0.61634    
2489    218.000    357.420    114.400   0    -999  0.00000  0.00000    -999  0.00000  0.00000    2489  0.35881  0.69087    
2490    218.000    369.580    114.400   0    -999  0.00000  0.00000    -999  0.00000  0.00000    2490  0.35982  0.76711    
2491    230.130     17.000    114.400   0    2491 -0.12174 -0.98163    -999  0.00000  0.00000    -999  0.00000  0.00000    
2492    230.130     29.160    114.400   0    2492 -0.12199 -0.89883    -999  0.00000  0.00000    2492  0.39566 -1.13916    
2493    230.130     41.320    114.400   0    2493 -0.12357 -0.81665    -999  0.00000  0.00000    2493  0.39690 -1.07835    
2494    230.130     53.470    114.400   0    2494 -0.12442 -0.73338    -999  0.00000  0.00000    2494  0.39896 -1.01640    
2495    230.130     65.630    114.400   0    2495 -0.12482 -0.65016    -999  0.00000  0.00000    2495  0.40024 -0.95433    
2496    230.130     77.790    114.400   0    2496 -0.12508 -0.56691    -999  0.00000  0.00000    2496  0.40231 -0.89140    
2497    230.130     89.950    114.400   0    2497 -0.12586 -0.48437    2497  0.47712 -0.95162    2497  0.40311 -0.82870    
2498    230.130    102.110    114.400   0    2498 -0.12613 -0.40183    2498  0.47001 -0.84519    2498  0.40481 -0.76504    
2499    230.130    114.260    114.400   0    2499 -0.12663 -0.31774    2499  0.46407 -0.73884    2499  0.40605 -0.70170    
2500    230.130    126.420    114.400   0    2500 -0.12796 -0.23499    2500  0.45862 -0.63475    2500  0.40819 -0.63704    
2501    230.130    138.580    114.400   0    2501 -0.12861 -0.15161    2501  0.45175 -0.53090    2501  0.40934 -0.57198    
2502    230.130    150.740    114.400   0    2502 -0.12869 -0.06876    2502  0.44618 -0.42813    2502  0.41187 -0.50609    
2503    230.130    162.890    114.400   0    2503 -0.12939  0.01447    2503  0.44026 -0.32597    2503  0.41286 -0.44010    
2504    230.130    175.050    114.400   0    2504 -0.12989  0.09797    2504  0.43375 -0.22538    2504  0.41382 -0.37402    
2505    230.130    187.210    114.400   0    2505 -0.13102  0.18085    2505  0.42754 -0.12456    2505  0.41631 -0.30709    
2506    230.130    199.370    114.400   0    2506 -0.13148  0.26410    2506  0.42217 -0.02507    2506  0.41796 -0.23923    
2507    230.130    211.530    114.400   0    2507 -0.13186  0.34751    2507  0.41617  0.07327    2507  0.41964 -0.17120    
2508    230.130    223.680    114.400   0    2508 -0.13209  0.43086    2508  0.40990  0.17174    2508  0.42086 -0.10268    
2509    230.130    235.840    114.400   0    2509 -0.13300  0.51372    2509  0.40458  0.26880    2509  0.42235 -0.03379    
2510    230.130    248.000    114.400   0    2510 -0.13335  0.59696    2510  0.39839  0.36495    2510  0.42395  0.03592    
2511    230.130    260.160    114.400   0    2511 -0.13391  0.67997    2511  0.39278  0.46019    2511  0.42607  0.10701    
2512    230.130    272.320    114.400   0    2512 -0.13404  0.76318    2512  0.38796  0.55496    2512  0.42738  0.17751    
2513    230.130    284.470    114.400   0    2513 -0.13426  0.84696    2513  0.38190  0.64897    2513  0.42863  0.24907    
2514    230.130    296.630    114.400   0    2514 -0.13455  0.93014    2514  0.37640  0.74257    2514  0.42962  0.32120    
2515    230.130    308.790    114.400   0    2515 -0.13496  1.01357    2515  0.37076  0.83484    2515  0.43255  0.39369    
2516    230.130    320.950    114.400   0    2516 -0.13547  1.09680    2516  0.36480  0.92711    2516  0.43346  0.46654    
2517    230.130    333.110    114.400   0    -999  0.00000  0.00000    2517  0.35911  1.01695    2517  0.43541  0.54024    
2518    230.130    345.260    114.400   0    -999  0.00000  0.00000    2518  0.35389  1.10829    2518  0.43727  0.61574    
2519    230.130    357.420    114.400   0    -999  0.00000  0.00000    -999  0.00000  0.00000    2519  0.43798  0.69019    
2520    230.130    369.580    114.400   0    -999  0.00000  0.00000    -999  0.00000  0.00000    2520  0.44004  0.76647    
2521    242.250     17.000    114.400   0    2521 -0.03842 -0.98005    -999  0.00000  0.00000    -999  0.00000  0.00000    
2522    242.250     29.160    114.400   0    2522 -0.03919 -0.89782    -999  0.00000  0.00000    2522  0.46706 -1.14030    
2523    242.250     41.320    114.400   0    2523 -0.03993 -0.81535    -999  0.00000  0.00000    2523  0.46862 -1.07901    
2524    242.250     53.470    114.400   0    2524 -0.04074 -0.73201    -999  0.00000  0.00000    2524  0.47029 -1.01739    
2525    242.250     65.630    114.400   0    2525 -0.04119 -0.64990    -999  0.00000  0.00000    2525  0.47220 -0.95536    
2526    242.250     77.790    114.400   0    2526 -0.04213 -0.56586    -999  0.00000  0.00000    2526  0.47416 -0.89246    
2527    242.250     89.950    114.400   0    2527 -0.04286 -0.48348    2527  0.58362 -0.94948    2527  0.47597 -0.82958    
2528    242.250    102.110    114.400   0    2528 -0.04365 -0.40079    2528  0.57807 -0.84286    2528  0.47793 -0.76588    
2529    242.250    114.260    114.400   0    2529 -0.04409 -0.31723    2529  0.57057 -0.73756    2529  0.47959 -0.70188    
2530    242.250    126.420    114.400   0    2530 -0.04437 -0.23378    2530  0.56412 -0.63390    2530  0.48092 -0.63696    
2531    242.250    138.580    114.400   0    2531 -0.04549 -0.15140    2531  0.55705 -0.52982    2531  0.48380 -0.57214    
2532    242.250    150.740    114.400   0    2532 -0.04570 -0.06808    2532  0.55119 -0.42674    2532  0.48523 -0.50658    
2533    242.250    162.890    114.400   0    2533 -0.04628  0.01516    2533  0.54430 -0.32496    2533  0.48665 -0.44112    
2534    242.250    175.050    114.400   0    2534 -0.04677  0.09830    2534  0.53791 -0.22374    2534  0.48893 -0.37480    
2535    242.250    187.210    114.400   0    2535 -0.04747  0.18128    2535  0.53108 -0.12431    2535  0.49008 -0.30744    
2536    242.250    199.370    114.400   0    2536 -0.04776  0.26434    2536  0.52541 -0.02453    2536  0.49276 -0.24079    
2537    242.250    211.530    114.400   0    2537 -0.04849  0.34776    2537  0.51940  0.07382    2537  0.49474 -0.17156    
2538    242.250    223.680    114.400   0    2538 -0.04890  0.43154    2538  0.51227  0.17183    2538  0.49658 -0.10307    
2539    242.250    235.840    114.400   0    2539 -0.04917  0.51427    2539  0.50597  0.26858    2539  0.49801 -0.03402    
2540    242.250    248.000    114.400   0    2540 -0.04965  0.59745    2540  0.50022  0.36477    2540  0.50008  0.03573    
2541    242.250    260.160    114.400   0    2541 -0.05066  0.68061    2541  0.49489  0.46000    2541  0.50268  0.10592    
2542    242.250    272.320    114.400   0    2542 -0.05067  0.76372    2542  0.48786  0.55473    2542  0.50401  0.17677    
2543    242.250    284.470    114.400   0    2543 -0.05131  0.84747    2543  0.48186  0.64835    2543  0.50547  0.24844    
2544    242.250    296.630    114.400   0    2544 -0.05173  0.93039    2544  0.47607  0.74162    2544  0.50776  0.32063    
2545    242.250    308.790    114.400   0    2545 -0.05190  1.01409    2545  0.46970  0.83409    2545  0.50987  0.39332    
2546    242.250    320.950    114.400   0    2546 -0.05284  1.09709    2546  0.46389  0.92521    2546  0.51225  0.46595    
2547    242.250    333.110    114.400   0    -999  0.00000  0.00000    2547  0.45889  1.01663    2547  0.51311  0.54050    
2548    242.250    345.260    114.400   0    -999  0.00000  0.00000    2548  0.45204  1.10685    2548  0.51444  0.61479    
2549    242.250    357.420    114.400   0    -999  0.00000  0.00000    -999  0.00000  0.00000    2549  0.51707  0.68978    
2550    242.250    369.580    114.400   0    -999  0.00000  0.00000    -999  0.00000  0.00000    2550  0.51889  0.76540    
2551    254.380     17.000    114.400   0    2551  0.04438 -0.97967    -999  0.00000  0.00000    -999  0.00000  0.00000    
2552    254.380     29.160    114.400   0    2552  0.04349 -0.89712    -999  0.00000  0.00000    2552  0.53784 -1.14119    
2553    254.380     41.320    114.400   0    2553  0.04309 -0.81471    -999  0.00000  0.00000    2553  0.53959 -1.07987    
2554    254.380     53.470    114.400   0    2554  0.04225 -0.73169    -999  0.00000  0.00000    2554  0.54194 -1.01731    
2555    254.380     65.630    114.400   0    2555  0.04170 -0.64896    -999  0.00000  0.00000    2555  0.54478 -0.95563    
2556    254.380     77.790    114.400   0    2556  0.04055 -0.56563    -999  0.00000  0.00000    2556  0.54614 -0.89308    
2557    254.380     89.950    114.400   0    2557  0.04027 -0.48287    2557  0.69161 -0.94731    2557  0.54838 -0.82992    
2558    254.380    102.110    114.400   0    2558  0.03946 -0.40015    2558  0.68418 -0.84193    2558  0.55006 -0.76587    
2559    254.380    114.260    114.400   0    2559  0.03905 -0.31679    2559  0.67641 -0.73617    2559  0.55254 -0.70238    
2560    254.380    126.420    114.400   0    2560  0.03837 -0.23356    2560  0.67024 -0.63185    2560  0.55447 -0.63807    
2561    254.380    138.580    114.400   0    2561  0.03766 -0.15061    2561  0.66276 -0.52887    2561  0.55642 -0.57316    
2562    254.380    150.740    114.400   0    2562  0.03732 -0.06789    2562  0.65623 -0.42561    2562  0.55883 -0.50821    
2563    254.380    162.890    114.400   0    2563  0.03655  0.01590    2563  0.64855 -0.32392    2563  0.56101 -0.44215    
2564    254.380    175.050    114.400   0    2564  0.03613  0.09925    2564  0.64120 -0.22316    2564  0.56320 -0.37483    
2565    254.380    187.210    114.400   0    2565  0.03561  0.18250    2565  0.63502 -0.12321    2565  0.56584 -0.30809    
2566    254.380    199.370    114.400   0    2566  0.03502  0.26485    2566  0.62841 -0.02358    2566  0.56732 -0.24161    
2567    254.380    211.530    114.400   0    2567  0.03485  0.34807    2567  0.62163  0.07413    2567  0.56934 -0.17214    
2568    254.380    223.680    114.400   0    2568  0.03425  0.43178    2568  0.61465  0.17139    2568  0.57247 -0.10396    
2569    254.380    235.840    114.400   0    2569  0.03403  0.51472    2569  0.60806  0.26902    2569  0.57415 -0.03503    
2570    254.380    248.000    114.400   0    2570  0.03309  0.59788    2570  0.60108  0.36476    2570  0.57585  0.03514    
2571    254.380    260.160    114.400   0    2571  0.03263  0.68116    2571  0.59521  0.45977    2571  0.57833  0.10557    
2572    254.380    272.320    114.400   0    2572  0.03195  0.76408    2572  0.58825  0.55428    2572  0.58126  0.17654    
2573    254.380    284.470    114.400   0    2573  0.03203  0.84765    2573  0.58212  0.64788    2573  0.58279  0.24751    
2574    254.380    296.630    114.400   0    2574  0.03184  0.93111    2574  0.57566  0.74073    2574  0.58440  0.31939    
2575    254.380    308.790    114.400   0    2575  0.03135  1.01477    2575  0.56946  0.83274    2575  0.58681  0.39327    
2576    254.380    320.950    114.400   0    2576  0.03103  1.09814    2576  0.56375  0.92455    2576  0.58951  0.46538    
2577    254.380    333.110    114.400   0    -999  0.00000  0.00000    2577  0.55665  1.01561    2577  0.59139  0.53964    
2578    254.380    345.260    114.400   0    -999  0.00000  0.00000    2578  0.55026  1.10518    2578  0.59325  0.61409    
2579    254.380    357.420    114.400   0    -999  0.00000  0.00000    -999  0.00000  0.00000    2579  0.59628  0.68895    
2580    254.380    369.580    114.400   0    -999  0.00000  0.00000    -999  0.00000  0.00000    2580  0.59847  0.76432    
2581    266.500     17.000    114.400   0    2581  0.12714 -0.97975    -999  0.00000  0.00000    -999  0.00000  0.00000    
2582    266.500     29.160    114.400   0    2582  0.12631 -0.89641    -999  0.00000  0.00000    2582  0.60912 -1.14166    
2583    266.500     41.320    114.400   0    2583  0.12581 -0.81339    -999  0.00000  0.00000    2583  0.61154 -1.08107    
2584    266.500     53.470    114.400   0    2584  0.12549 -0.73045    -999  0.00000  0.00000    2584  0.61381 -1.01872    
2585    266.500     65.630    114.400   0    2585  0.12483 -0.64796    -999  0.00000  0.00000    2585  0.61566 -0.95736    
2586    266.500     77.790    114.400   0    2586  0.12448 -0.56497    -999  0.00000  0.00000    2586  0.61847 -0.89458    
2587    266.500     89.950    114.400   0    2587  0.12344 -0.48198    2587  0.79786 -0.94508    2587  0.62043 -0.83077    
2588    266.500    102.110    114.400   0    2588  0.12296 -0.39978    2588  0.79015 -0.83982    2588  0.62353 -0.76723    
2589    266.500    114.260    114.400   0    2589  0.12226 -0.31553    2589  0.78209 -0.73499    2589  0.62609 -0.70345    
2590    266.500    126.420    114.400   0    2590  0.12164 -0.23309    2590  0.77522 -0.63045    2590  0.62765 -0.63894    
2591    266.500    138.580    114.400   0    2591  0.12153 -0.15005    2591  0.76732 -0.52697    2591  0.63031 -0.57421    
2592    266.500    150.740    114.400   0    2592  0.12069 -0.06683    2592  0.76007 -0.42466    2592  0.63295 -0.50889    
2593    266.500    162.890    114.400   0    2593  0.11929  0.01695    2593  0.75282 -0.32287    2593  0.63540 -0.44246    
2594    266.500    175.050    114.400   0    2594  0.11918  0.09957    2594  0.74562 -0.22203    2594  0.63790 -0.37622    
2595    266.500    187.210    114.400   0    2595  0.11823  0.18250    2595  0.73797 -0.12193    2595  0.63961 -0.30902    
2596    266.500    199.370    114.400   0    2596  0.11789  0.26581    2596  0.73099 -0.02304    2596  0.64258 -0.24152    
2597    266.500    211.530    114.400   0    2597  0.11734  0.34900    2597  0.72375  0.07501    2597  0.64474 -0.17351    
2598    266.500    223.680    114.400   0    2598  0.11697  0.43224    2598  0.71732  0.17196    2598  0.64733 -0.10469    
2599    266.500    235.840    114.400   0    2599  0.11673  0.51540    2599  0.70983  0.26893    2599  0.64994 -0.03532    
2600    266.500    248.000    114.400   0    2600  0.11623  0.59843    2600  0.70244  0.36475    2600  0.65243  0.03423    
2601    266.500    260.160    114.400   0    2601  0.11585  0.68164    2601  0.69517  0.45945    2601  0.65432  0.10444    
2602    266.500    272.320    114.400   0    2602  0.11503  0.76495    2602  0.68890  0.55433    2602  0.65766  0.17586    
2603    266.500    284.470    114.400   0    2603  0.11489  0.84862    2603  0.68241  0.64793    2603  0.66080  0.24737    
2604    266.500    296.630    114.400   0    2604  0.11467  0.93206    2604  0.67518  0.74020    2604  0.66203  0.31907    
2605    266.500    308.790    114.400   0    2605  0.11401  1.01552    2605  0.66900  0.83271    2605  0.66509  0.39184    
2606    266.500    320.950    114.400   0    2606  0.11392  1.09890    2606  0.66181  0.92415    2606  0.66711  0.46522    
2607    266.500    333.110    114.400   0    -999  0.00000  0.00000    2607  0.65540  1.01492    2607  0.66978  0.53900    
2608    266.500    345.260    114.400   0    -999  0.00000  0.00000    2608  0.64867  1.10456    2608  0.67229  0.61322    
2609    266.500    357.420    114.400   0    -999  0.00000  0.00000    -999  0.00000  0.00000    2609  0.67516  0.68861    
2610    266.500    369.580    114.400   0    -999  0.00000  0.00000    -999  0.00000  0.00000    2610  0.67798  0.76385    
2611    278.630     17.000    114.400   0    2611  0.21066 -0.97842    -999  0.00000  0.00000    -999  0.00000  0.00000    
2612    278.630     29.160    114.400   0    2612  0.20982 -0.89562    -999  0.00000  0.00000    2612  0.68054 -1.14244    
2613    278.630     41.320    114.400   0    2613  0.20959 -0.81286    -999  0.00000  0.00000    2613  0.68264 -1.08093    
2614    278.630     53.470    114.400   0    2614  0.20812 -0.72994    -999  0.00000  0.00000    2614  0.68576 -1.01985    
2615    278.630     65.630    114.400   0    2615  0.20703 -0.64699    -999  0.00000  0.00000    2615  0.68792 -0.95799    
2616    278.630     77.790    114.400   0    2616  0.20702 -0.56456    -999  0.00000  0.00000    2616  0.69098 -0.89480    
2617    278.630     89.950    114.400   0    2617  0.20586 -0.48149    2617  0.90417 -0.94372    2617  0.69270 -0.83134    
2618    278.630    102.110    114.400   0    2618  0.20560 -0.39845    2618  0.89595 -0.83773    2618  0.69532 -0.76924    
2619    278.630    114.260    114.400   0    2619  0.20506 -0.31524    2619  0.88790 -0.73272    2619  0.69864 -0.70442    
2620    278.630    126.420    114.400   0    2620  0.20480 -0.23234    2620  0.87985 -0.62838    2620  0.70135 -0.64015    
2621    278.630    138.580    114.400   0    2621  0.20400 -0.14904    2621  0.87233 -0.52564    2621  0.70357 -0.57576    
2622    278.630    150.740    114.400   0    2622  0.20326 -0.06630    2622  0.86409 -0.42290    2622  0.70652 -0.50968    
2623    278.630    162.890    114.400   0    2623  0.20254  0.01737    2623  0.85648 -0.32228    2623  0.70894 -0.44400    
2624    278.630    175.050    114.400   0    2624  0.20232  0.10048    2624  0.84845 -0.22121    2624  0.71218 -0.37728    
2625    278.630    187.210    114.400   0    2625  0.20183  0.18334    2625  0.84056 -0.12115    2625  0.71440 -0.31018    
2626    278.630    199.370    114.400   0    2626  0.20128  0.26703    2626  0.83347 -0.02216    2626  0.71724 -0.24215    
2627    278.630    211.530    114.400   0    2627  0.20062  0.34974    2627  0.82505  0.07546    2627  0.71978 -0.17392    
2628    278.630    223.680    114.400   0    2628  0.20034  0.43297    2628  0.81857  0.17312    2628  0.72304 -0.10555    
2629    278.630    235.840    114.400   0    2629  0.19938  0.51559    2629  0.81086  0.26947    2629  0.72551 -0.03590    
2630    278.630    248.000    114.400   0    2630  0.19852  0.59884    2630  0.80337  0.36493    2630  0.72864  0.03336    
2631    278.630    260.160    114.400   0    2631  0.19828  0.68221    2631  0.79593  0.46069    2631  0.73074  0.10343    
2632    278.630    272.320    114.400   0    2632  0.19824  0.76525    2632  0.78881  0.55460    2632  0.73340  0.17469    
2633    278.630    284.470    114.400   0    2633  0.19774  0.84933    2633  0.78134  0.64754    2633  0.73694  0.24634    
2634    278.630    296.630    114.400   0    2634  0.19735  0.93255    2634  0.77424  0.74010    2634  0.73884  0.31777    
2635    278.630    308.790    114.400   0    2635  0.19763  1.01611    2635  0.76691  0.83203    2635  0.74218  0.39097    
2636    278.630    320.950    114.400   0    2636  0.19710  1.09925    2636  0.76000  0.92412    2636  0.74511  0.46440    
2637    278.630    333.110    114.400   0    -999  0.00000  0.00000    2637  0.75304  1.01421    2637  0.74745  0.53848    
2638    278.630    345.260    114.400   0    -999  0.00000  0.00000    2638  0.74608  1.10405    2638  0.75041  0.61179    
2639    278.630    357.420    114.400   0    -999  0.00000  0.00000    -999  0.00000  0.00000    2639  0.75422  0.68760    
2640    278.630    369.580    114.400   0    -999  0.00000  0.00000    -999  0.00000  0.00000    2640  0.75654  0.76341    
